767
1444
0 0 0
4 -2.3094 0
4 2.3094 0
2 -1.1547 0
4 -0.309401 0
3 -1.73205 0
2.40764 -0.360107 0
4 -1.3094 0
3.30619 -0.809401 0
3.86955 -1.18108 0
3.56973 -1.17508 0
3.70925 -0.623524 0
3.76247 -1.31398 0
3.69116 -0.719317 0
3.25 -1.87639 0
3.67396 -1.14609 0
3.76526 -1.44012 0
3.60483 -1.01431 0
3.65975 -1.25335 0
3.5 -2.02073 0
3.59425 -1.48163 0
3.65661 -1.37598 0
3.47039 -1.33728 0
4 -1.5594 0
3.55691 -1.38835 0
3.46032 -1.45316 0
3.55803 -1.27944 0
4 -1.8094 0
3.09085 -1.36267 0
3.50032 -1.59423 0
3.882 -1.3513 0
3.85052 -1.56295 0
3.30633 -1.57303 0
4 -1.4344 0
3.87088 -1.45781 0
3.40656 -1.54294 0
3.28258 -1.37933 0
3.62411 -1.60201 0
3.38315 -1.38807 0
3.68706 -1.70888 0
3.74121 -1.60501 0
3.70067 -0.862003 0
3.84072 -0.78101 0
4 -0.559401 0
3.57596 -0.80405 0
3.59303 -0.615299 0
3.73011 -0.403305 0
3.60378 -0.907343 0
3.44841 -0.951296 0
3.69005 -0.527948 0
3.43852 -0.80831 0
3.84473 -0.546586 0
3.47023 -0.540389 0
3.37117 -0.6645 0
3.4906 -0.696242 0
3.74495 -1.06444 0
3.85679 -0.332588 0
3.92818 -1.6844 0
3.80859 -1.70619 0
3.65463 -1.80234 0
3.75048 -1.82684 0
3.56749 -1.84918 0
4 -2.0594 0
3.88438 -1.78306 0
3.75 -2.16506 0
4 -1.9344 0
3.55458 -1.71526 0
3.83838 -1.86903 0
3.7234 -1.99591 0
3.65668 -1.91062 0
3.61234 -2.01405 0
3.38876 -1.71692 0
3.47131 -1.67992 0
3.69258 -1.51372 0
3.10957 -0.354099 0
3.93125 -1.8719 0
3.88069 -1.9969 0
3.80232 -1.9519 0
3.875 -2.23723 0
3.80159 -2.06807 0
4 -2.1844 0
3.90135 -2.12529 0
3.125 -1.80422 0
3.27132 -0.483211 0
3.30625 -1.78524 0
3.39967 -1.90582 0
3.30769 -1.66781 0
3.11217 -1.55636 0
3.20836 -1.72531 0
3.3589 -0.553117 0
3.16583 -0.659448 0
3.26955 -0.619323 0
3.24955 -0.72175 0
3.03521 -0.922384 0
3.1605 -0.841422 0
3.49826 -1.92099 0
3.01 -0.745948 0
3.23122 -1.08828 0
3.06326 -0.828358 0
3.25996 -0.946488 0
3.14534 -0.955382 0
3.35189 -1.03893 0
3.35537 -0.902329 0
3.35206 -1.21157 0
3.46472 -1.21615 0
3.31678 -1.12529 0
3.1962 -1.24346 0
3.03203 -1.12488 0
3.06473 -1.02412 0
3.18912 -1.34336 0
3.19554 -1.46608 0
3.28532 -1.2822 0
3.07316 -1.24087 0
2.94859 -0.947994 0
1.34801 -0.165426 0
2.47685 -0.709482 0
2.13634 -0.340616 0
1.875 -1.08253 0
2.5 -1.44338 0
1 -0.57735 0
2.94101 -1.32225 0
1.81306 -0.409555 0
2.24751 -0.649248 0
2.19593 -0.949073 0
2.48569 -0.513294 0
2.70545 -0.857713 0
2.51883 -0.603883 0
2.75 -1.58771 0
2.89585 -0.874664 0
2.90948 -1.02941 0
2.45089 -0.2475 0
2.35651 -0.714794 0
2.59536 -0.687888 0
2.45261 -0.827478 0
2.62333 -0.790352 0
2.36799 -0.608476 0
2.30785 -0.853616 0
2.16906 -0.783504 0
2.25 -1.29904 0
2.2673 -0.761465 0
2.21719 -0.860657 0
2.40267 -0.964782 0
2.2993 -0.956928 0
2.43152 -1.10808 0
2.58744 -1.00565 0
2.60392 -0.897758 0
2.50551 -0.937939 0
3.13944 -1.14911 0
2.8164 -0.68923 0
2.70573 -0.712806 0
2.72424 -0.528126 0
2.62204 -0.567392 0
2.74454 -0.623427 0
2.79214 -0.961773 0
2.68588 -0.965478 0
2.70886 -1.16246 0
2.66996 -1.06717 0
2.56278 -1.16649 0
2.8005 -1.08287 0
2.83556 -1.21578 0
2.52148 -1.07785 0
2.34224 -1.07593 0
2.63957 -1.30036 0
2.38964 -1.19323 0
2.74765 -1.42372 0
2.0555 -0.886901 0
2.89983 -0.763222 0
2.79583 -0.796458 0
2.9508 -1.20709 0
2.89003 -1.12758 0
2.26592 -1.175 0
2.22438 -1.06407 0
2.08333 -1.03794 0
2.125 -1.22687 0
1.5 -0.866025 0
2.73203 -1.26046 0
2.14025 -1.12445 0
1.86932 -0.716362 0
2.375 -1.37121 0
2.49343 -1.29136 0
2.34482 -1.27914 0
2.56227 -1.36454 0
2.98076 -1.47281 0
2.625 -1.51554 0
2.71372 -1.50622 0
2.8239 -1.33405 0
2.86468 -1.44599 0
2 1.1547 0
2.51206 -0.420507 0
2.27611 -0.535372 0
3.07998 -1.46189 0
3.00416 -1.38611 0
2.875 -1.65988 0
2.90146 -1.55141 0
2.64744 -1.41769 0
2.03487 -0.750184 0
2.12638 -0.668512 0
2.07457 -0.430965 0
2.02167 -0.643296 0
1.96707 -0.92515 0
2.39513 -0.480082 0
1.7179 -0.477132 0
1.84127 -0.923766 0
1.45319 -0.424009 0
1.60301 -0.456597 0
1.86273 -0.503017 0
2.36714 0.0273662 0
2.05757 -0.539081 0
2.36541 -0.214706 0
1.8767 -0.286605 0
1.97701 -1.05018 0
1.56369 -0.53944 0
1.70985 -0.714804 0
1.97633 -0.382728 0
2.36606 -0.123153 0
2.15204 0.127629 0
1.76594 -0.298555 0
1.625 -0.938194 0
1.06485 -0.0905158 0
2.18419 -0.417539 0
1 0.57735 0
1.23215 -0.330943 0
1.98635 0.345637 0
1.34961 -0.31546 0
1.63784 -0.593391 0
1.78376 -0.573488 0
1.22886 -0.0431909 0
1.87008 -0.618856 0
2.26938 -0.386709 0
2.3692 0.314699 0
1.67826 -0.367275 0
1.49773 -0.291552 0
1.12322 -0.377545 0
1.25 -0.721688 0
2.16256 -0.505511 0
1.55674 -0.723549 0
2.27947 -0.246271 0
1.93116 -0.835746 0
1.94996 -0.562943 0
1.75 -1.01036 0
2.03204 -0.190931 0
1.62523 0.010683 0
2.27247 0.171719 0
1.80406 -0.813135 0
1.93475 -0.206917 0
1.35514 -0.413882 0
2.04822 0.0523399 0
1.63713 -0.786438 0
1.7309 -0.899104 0
2.03932 -0.297035 0
2.15646 -0.215411 0
2.13233 -0.00964421 0
2.11132 -0.116408 0
2.23874 -0.118102 0
1.99632 -0.038334 0
2.25106 0.000423542 0
2.10552 0.216353 0
2.02666 0.154568 0
1.57616 -0.357623 0
1.38585 -0.596233 0
1.12367 -0.228004 0
1.41338 -0.239758 0
2.15621 0.302764 0
2.26423 0.281505 0
0.5 -0.288675 0
1.24052 -0.213493 0
1.17116 -0.132693 0
2.2518 0.503399 0
1.46159 -0.526569 0
1.49055 -0.634052 0
1.40685 -0.746394 0
2.22965 0.390863 0
1.4997 -0.0979473 0
2.42816 0.170603 0
2.08774 0.477239 0
1.66235 -0.15906 0
1.59985 -0.249919 0
1.3744 -0.0205157 0
1.30969 -0.0835915 0
1.41063 -0.10197 0
1.49492 0.0344228 0
1.24741 0.316125 0
1.35438 0.354885 0
1.27571 0.134527 0
1.59099 0.192254 0
1.29115 0.0354239 0
1.39337 0.102104 0
1.49403 0.143121 0
1.36862 0.242007 0
1.25 0.721688 0
1.44298 0.426262 0
1.5 0.866025 0
1.45947 0.228254 0
1.58496 0.287261 0
1.77904 0.251903 0
1.08219 0.407537 0
1.23441 0.518998 0
1.27048 0.419457 0
1.48809 0.330329 0
1.58852 0.630969 0
2.45734 -0.0485442 0
1.48849 -0.778906 0
1.337 -0.679611 0
2.35069 0.223015 0
2.34994 0.119307 0
2.68851 -0.0249128 0
2.08414 0.375155 0
2.11635 0.825356 0
1.80196 -0.163596 0
1.89696 -0.0975801 0
1.77123 -0.0180157 0
1.73408 -0.101889 0
1.59764 -0.0842793 0
1.10304 0.0850092 0
1.84077 0.562659 0
0.73731 -0.197798 0
2.53426 0.0407918 0
2.81322 0.412252 0
2.14466 0.647796 0
1.72224 0.118474 0
1.87905 0.0977179 0
1.90514 0.00164001 0
1.6883 0.211724 0
1.62848 0.105309 0
1.79529 0.0676569 0
1.13134 -0.0130632 0
1.94994 0.478551 0
2.01995 0.594637 0
1.80829 0.407601 0
2.03933 0.722037 0
1.9035 0.394383 0
1.82852 0.789364 0
1.91297 0.676083 0
1.75 1.01036 0
1.74371 0.704139 0
2.07258 0.995119 0
1.91175 0.876139 0
1.82236 0.654067 0
1.94805 0.776329 0
1.79722 0.90269 0
1.64658 0.900822 0
1.71852 0.814024 0
1.07048 -0.302614 0
1.01443 -0.193414 0
0.592227 0.179757 0
0.667636 -0.0648135 0
0.5 0.288675 0
0.892958 -0.037355 0
0.858246 -0.286759 0
2.59969 0.32489 0
0.709175 0.0979505 0
0.941429 -0.124932 0
1.11 0.241316 0
2.44718 0.0778849 0
0.75 -0.433013 0
0.78066 -0.0540611 0
0.964876 -0.287834 0
2.16062 0.547694 0
1.91311 0.229339 0
1.85757 0.308908 0
1.69192 0.512905 0
1.58042 0.432317 0
1.68819 0.363088 0
1.59378 0.531263 0
0.198139 -0.0704886 0
2.02433 0.892157 0
1.87455 0.975984 0
1.17493 0.160117 0
1.149 0.333276 0
0.951535 0.170062 0
0.738518 0.264393 0
0.25 0.144338 0
0.845227 -0.177775 0
0.596961 -0.186587 0
0.528953 -0.0657211 0
0.625 -0.360844 0
0.25 -0.144338 0
0.734275 -0.315912 0
0.650439 -0.267366 0
0.625 0.360844 0
2.48627 0.278488 0
2.59417 0.176579 0
2.64005 0.0752293 0
2.91547 0.146711 0
2.7574 0.189415 0
2.67067 0.247989 0
2.77179 0.304219 0
2.93098 0.305139 0
1.78089 0.494271 0
1.69045 0.615931 0
2.51438 0.888604 0
1.875 1.08253 0
1.96938 1.02886 0
1.04873 0.165735 0
0.983264 0.0491216 0
0.685084 0.188006 0
0.605705 0.0376746 0
0.75 0.433013 0
0.375 0.216506 0
0.59223 0.273266 0
0.714159 0.350753 0
0.506963 0.0307866 0
0.374041 -0.05026 0
0.480289 0.178478 0
0.368663 0.0831442 0
2.80604 0.0555447 0
2.72748 0.102772 0
2.89288 -0.197383 0
2.96969 -0.0296374 0
2.81452 -0.0829156 0
2.90569 0.0471928 0
2.66621 -0.239236 0
2.90811 -0.102899 0
3.07149 -0.177711 0
2.77505 -0.193987 0
2.68586 -0.132958 0
2.78278 -0.366095 0
2.57696 -0.07623 0
2.8316 -0.277677 0
2.94762 -0.399436 0
2.8823 -0.544268 0
2.49701 -0.149413 0
2.93851 -0.649944 0
2.55835 -0.238142 0
3.05281 -0.639452 0
3.13228 -0.519676 0
3.18265 -0.42842 0
3.3947 -0.184399 0
3.2588 -0.280448 0
3.00634 -0.522369 0
3.06767 -0.444192 0
2.8539 0.232709 0
3 1.73205 0
4 0.345299 0
0.985677 0.305959 0
0.875 0.505181 0
0.865681 0.263869 0
1.0277 0.485957 0
0.801701 0.167447 0
0.822011 0.0537641 0
0.861122 0.384881 0
0.962028 0.406383 0
0.375 -0.216506 0
0.481961 -0.171728 0
0.339541 -0.133585 0
0.125 0.0721688 0
0.108253 -0.0625 0
0.246832 0.0054863 0
2.64405 -0.376577 0
2.55685 -0.334819 0
2.60128 -0.46832 0
2.71818 -0.434346 0
3.00286 -0.284832 0
2.91588 -0.313525 0
2.85284 -0.443839 0
3.30877 0.0358572 0
3.42041 -0.364951 0
3.36797 -0.451944 0
3.23472 -0.102218 0
3.15225 -0.252579 0
2.25 1.29904 0
2.12633 0.918453 0
2.30465 0.764346 0
3.24588 0.473244 0
3.36127 -0.281268 0
3.29327 -0.185051 0
4 1 0
3.48396 1.29103 0
2.32321 0.39635 0
3.16215 0.434482 0
3.00276 0.373039 0
2.27122 0.905885 0
2.21821 0.818645 0
2.5 1.44338 0
2.75162 0.944643 0
2.3901 0.859247 0
2.99546 0.218856 0
2.67669 1.39563 0
3.15243 0.0461599 0
3.02922 0.085288 0
3.10691 0.508391 0
2.96991 0.466229 0
2.90634 0.396343 0
3.57664 1.33903 0
2.39347 1.04267 0
2.35774 0.951583 0
3.28994 0.260828 0
3.10126 0.36516 0
3.12017 -0.068743 0
3.29154 0.946075 0
2.95768 0.749655 0
3.23263 0.713144 0
3.0008 0.60954 0
3.20177 0.591123 0
3.09292 0.714583 0
2.79062 0.621552 0
3.10247 0.613291 0
3.16422 0.854361 0
2.89242 0.557914 0
2.88919 0.665988 0
2.81038 0.800363 0
3.04935 0.82488 0
3.01936 1.18027 0
3.06431 1.00511 0
3.08811 0.912397 0
3.22729 -0.00933552 0
3.34979 -0.0750314 0
3.23733 0.14315 0
3.34283 0.135965 0
3.15986 0.248375 0
3.21665 0.340745 0
3.06999 0.276368 0
3.08883 0.171408 0
3.28245 0.824458 0
3.54722 -0.057863 0
3.54015 0.866353 0
3.42668 0.69309 0
3.40627 0.876356 0
3.33295 0.735044 0
3.34372 0.577052 0
3.46716 0.790367 0
3.85939 0.316218 0
3.45118 -0.0972983 0
3.60134 0.734531 0
3.49403 1.15004 0
3.7927 0.112973 0
3.44954 0.043811 0
3.77413 1.00615 0
3.42745 0.400126 0
3.32353 0.365191 0
3.54732 0.573407 0
4 0.836325 0
3.59524 0.0860307 0
3.41728 1.02374 0
3.35097 0.472207 0
3.45683 0.507908 0
3.43961 0.250598 0
3.61244 0.641194 0
3.65929 0.841538 0
3.73803 0.908968 0
4 0.67265 0
3.57079 1.01693 0
3.67127 0.989063 0
3.87982 0.911596 0
3.64582 1.0924 0
3.25931 1.2062 0
3.44573 0.14726 0
3.29645 1.07875 0
3.37491 1.17075 0
2.73898 0.855392 0
3.37634 1.38159 0
3.34407 1.27638 0
3.15944 1.10796 0
3.18209 0.991598 0
3.13508 1.2326 0
3.21462 1.37364 0
3.06606 1.09891 0
2.8956 1.05516 0
2.94658 0.922729 0
2.98511 1.41013 0
2.85234 0.962474 0
3.03488 1.30007 0
3.10052 1.39604 0
2.81626 1.26749 0
2.47343 0.784195 0
2.9302 1.25273 0
3.06024 1.54575 0
3.17818 1.48983 0
2.86066 1.16309 0
3.5 2.02073 0
2.64638 1.13361 0
2.74952 1.17747 0
2.75 1.58771 0
2.73818 1.06094 0
2.666 1.23067 0
3.86961 0.582392 0
2.611 0.994609 0
2.51848 1.09216 0
2.48623 0.990992 0
2.55883 1.18571 0
3.89826 0.435525 0
2.65549 0.821393 0
2.60696 0.90125 0
3.72124 0.355321 0
3.58547 0.425436 0
3.63329 -0.00663107 0
3.72859 -0.26467 0
4 0.0179492 0
3.56119 -0.228542 0
2.90403 0.833108 0
3.65472 -0.201061 0
3.8194 -0.0845177 0
3.49112 0.954732 0
2.49923 0.675053 0
2.57513 0.750611 0
2.63815 0.611407 0
2.72057 0.719787 0
3.70698 0.494223 0
3.77776 0.708184 0
3.6165 0.512338 0
3.77287 0.430804 0
3.69433 0.753366 0
3.76197 0.235621 0
4 0.181624 0
4 1.6547 0
3.601 0.247625 0
3.68686 0.151629 0
3.94362 0.263462 0
3.89008 0.166234 0
3.88978 0.0511284 0
3.81062 0.819007 0
3.89577 0.733481 0
4 1.32735 0
3.90889 0.824427 0
3.88771 1.02676 0
4 1.16368 0
3.51934 0.332339 0
3.60925 -0.411749 0
3.4742 -1.08559 0
4 -1.0594 0
3.55346 -0.490891 0
4 -0.809401 0
3.59608 -0.710721 0
3.75074 -0.787006 0
4 -1.1844 0
3.91714 -1.26316 0
2.625 1.51554 0
2.875 1.65988 0
2.49604 0.484645 0
2.45456 0.3833 0
2.37254 0.476032 0
2.42727 0.581029 0
2.38675 0.686592 0
2.26929 0.644796 0
2.20879 0.721446 0
2.32918 0.565605 0
2.72159 0.508229 0
2.81498 0.505657 0
2.60824 0.501895 0
2.53894 0.579156 0
2.67022 0.41019 0
3.72217 0.607887 0
4 0.508975 0
3.6702 1.38528 0
3.62707 0.339486 0
3.54186 0.168832 0
3.80691 1.20753 0
3.81525 1.10281 0
3.63165 -0.307967 0
3.52478 -0.331807 0
3.70038 -0.968129 0
3.86914 -0.948512 0
3.77356 -0.486031 0
3.94675 -0.434401 0
4 -0.145726 0
3.85073 -0.428595 0
3.84061 -0.208173 0
3.74937 -0.160178 0
3.90338 -0.133758 0
3.7642 -1.2058 0
2.72561 1.31244 0
2.98148 1.50076 0
2.8434 1.44985 0
2.88494 1.35047 0
2.97983 1.62264 0
2.88451 1.55106 0
2.59411 1.34569 0
2.73184 1.47484 0
3.61592 1.24234 0
3.52093 1.56953 0
3.57478 1.46057 0
3.76591 1.60468 0
3.45619 1.46975 0
3.68926 1.50754 0
3.25 1.87639 0
3.84636 1.42043 0
3.63769 1.62704 0
3.33487 1.49939 0
3.41582 1.56684 0
3.75183 1.43517 0
3.76715 1.31839 0
3.88453 1.29794 0
3.90679 1.2003 0
3.46266 1.79112 0
3.25366 1.67916 0
3.31918 1.60053 0
3.40333 1.68648 0
3.33951 1.7918 0
3.375 1.94856 0
4 1.81838 0
3.16118 1.60632 0
3.13334 1.7368 0
3.5335 1.69129 0
3.65584 1.77307 0
3.48312 1.90563 0
3.56392 1.83211 0
3.07424 1.65598 0
3.22671 1.77731 0
4 1.98205 0
3.71757 1.69325 0
3.87799 1.65295 0
4 1.49103 0
3.82235 1.83805 0
3.8615 -1.06481 0
4 -0.934401 0
3.90962 -0.855484 0
3.94011 -0.684401 0
3.91871 -0.5973 0
2.125 1.22687 0
2.25775 1.03614 0
2.15945 1.04144 0
3.96022 0.590812 0
3.5839 1.158 0
3.70357 1.18186 0
3.81317 1.73438 0
3.91789 1.75123 0
3.91915 1.90021 0
3.78349 2.1844 0
3.78107 2.00877 0
3.89205 2.00784 0
3.67981 1.91146 0
4 2.14573 0
3.58023 1.95017 0
3.64175 2.10256 0
3.7289 1.83169 0
3.7725 1.91635 0
3.68142 2.01112 0
3.89175 2.2469 0
3.73935 2.09718 0
3.88457 2.12489 0
3.45998 -1.80757 0
3.20489 -1.61543 0
3.1024 -1.67378 0
3.00558 -1.60661 0
1.21802 -0.530743 0
1.21 -0.429776 0
1.39901 0.60828 0
1.35364 0.501002 0
1.125 0.649519 0
1.12527 0.538633 0
1.22439 0.621713 0
0.875 -0.505181 0
1.09234 -0.496398 0
1.00073 -0.409156 0
0.854168 -0.396926 0
0.965307 -0.493102 0
3.74809 0.00639258 0
3.8616 1.53677 0
3.95029 1.57286 0
3.94457 1.40919 0
3.8207 -0.664104 0
2.31935 1.16952 0
2.43879 1.18202 0
2.09975 1.12626 0
2.2109 1.14106 0
2.375 1.37121 0
2.36983 1.26411 0
2.48659 1.29219 0
1.32152 -0.513308 0
1.125 -0.649519 0
1.22048 -0.628481 0
1.4814 0.531865 0
1.375 0.793857 0
1.49258 0.629474 0
1.60435 0.757413 0
1.34814 0.696041 0
1.48474 0.748112 0
3 53 91 92
3 48 17 47
3 37 39 40
3 205 201 225
3 10 17 618
3 253 208 214
3 209 121 213
3 4 656 56
3 54 622 45
3 620 49 617
3 48 44 50
3 8 92 94
3 21 16 12
3 11 13 750
3 625 624 9
3 18 21 12
3 650 17 55
3 703 619 651
3 13 623 750
3 25 29 20
3 37 20 29
3 43 4 653
3 620 52 45
3 15 17 10
3 73 37 40
3 41 650 651
3 42 705 621
3 21 24 20
3 21 26 24
3 102 99 101
3 38 32 35
3 32 38 36
3 30 33 7
3 26 18 10
3 33 34 23
3 105 103 618
3 24 22 25
3 63 75 27
3 102 101 48
3 26 21 18
3 38 25 22
3 103 38 22
3 20 24 25
3 104 26 10
3 24 26 22
3 88 84 86
3 73 21 20
3 109 28 110
3 12 16 30
3 35 29 25
3 16 31 34
3 71 72 35
3 27 23 57
3 35 25 38
3 158 169 129
3 23 34 31
3 34 30 16
3 33 30 34
3 623 651 42
3 40 31 73
3 58 39 60
3 40 39 58
3 66 29 72
3 82 88 732
3 58 57 31
3 730 85 95
3 86 35 32
3 66 37 29
3 44 622 54
3 73 31 16
3 651 623 41
3 648 46 586
3 48 618 17
3 49 652 46
3 46 652 655
3 50 54 53
3 624 625 7
3 10 18 15
3 623 13 41
3 11 652 49
3 45 11 49
3 303 380 229
3 99 8 94
3 44 41 13
3 48 101 618
3 706 707 750
3 625 30 7
3 50 8 102
3 101 105 618
3 41 44 47
3 620 45 49
3 8 50 53
3 52 89 53
3 91 53 89
3 18 659 15
3 52 53 54
3 46 56 586
3 15 659 55
3 48 47 44
3 659 18 12
3 23 31 57
3 31 40 58
3 60 39 59
3 57 58 63
3 63 60 67
3 27 57 63
3 69 61 95
3 77 79 76
3 66 59 39
3 730 66 72
3 76 79 81
3 75 63 67
3 60 63 58
3 27 75 65
3 69 59 61
3 62 65 76
3 39 37 66
3 61 59 66
3 69 77 60
3 65 75 76
3 60 59 69
3 70 68 69
3 95 70 69
3 69 68 77
3 19 64 70
3 64 68 70
3 88 82 14
3 85 730 84
3 35 72 29
3 72 71 730
3 21 73 16
3 37 73 20
3 452 459 413
3 108 113 129
3 76 75 67
3 67 77 76
3 64 78 81
3 60 77 67
3 79 77 68
3 64 81 79
3 80 81 78
3 68 64 79
3 80 62 81
3 78 1 80
3 76 81 62
3 36 110 32
3 14 84 88
3 428 83 457
3 424 90 425
3 84 14 85
3 86 84 71
3 14 19 85
3 95 85 19
3 35 86 71
3 86 731 88
3 254 252 251
3 731 86 32
3 88 731 732
3 457 52 456
3 83 425 91
3 416 418 411
3 109 111 106
3 83 91 89
3 92 91 90
3 96 98 90
3 53 92 8
3 93 94 98
3 109 112 28
3 90 94 92
3 100 99 94
3 70 95 19
3 730 95 61
3 422 429 420
3 139 122 137
3 147 106 97
3 38 103 111
3 90 98 94
3 128 98 96
3 100 94 93
3 99 97 101
3 108 100 93
3 97 99 100
3 105 101 97
3 10 618 104
3 50 102 48
3 8 99 102
3 105 106 103
3 22 26 104
3 653 51 707
3 22 104 103
3 106 105 97
3 618 103 104
3 100 108 97
3 106 112 109
3 155 162 175
3 150 451 450
3 93 128 113
3 108 107 147
3 28 190 110
3 111 109 36
3 110 87 731
3 36 109 110
3 38 111 36
3 103 106 111
3 147 112 106
3 168 112 107
3 112 191 28
3 191 112 120
3 107 108 129
3 173 176 3
3 131 133 115
3 139 136 131
3 145 125 134
3 115 135 131
3 383 405 410
3 175 162 164
3 161 163 143
3 124 135 126
3 159 185 120
3 126 115 132
3 113 108 93
3 135 122 131
3 141 133 136
3 115 133 134
3 247 174 217
3 189 234 122
3 311 275 308
3 153 113 128
3 122 234 196
3 180 170 138
3 6 130 208
3 195 198 177
3 230 204 201
3 168 169 159
3 167 153 128
3 182 193 733
3 98 128 93
3 128 96 166
3 149 132 134
3 144 154 145
3 228 236 116
3 336 392 366
3 135 115 126
3 213 238 207
3 166 167 128
3 151 450 124
3 129 153 158
3 136 133 131
3 125 167 149
3 134 132 115
3 196 207 198
3 200 6 228
3 194 162 181
3 161 170 163
3 142 140 123
3 161 142 171
3 155 157 162
3 122 139 131
3 140 139 137
3 139 140 136
3 195 137 196
3 142 141 136
3 146 141 160
3 140 142 136
3 143 141 161
3 163 179 157
3 179 163 180
3 157 155 156
3 153 129 113
3 134 133 145
3 146 133 141
3 144 145 146
3 133 146 145
3 108 147 97
3 112 147 107
3 422 424 429
3 132 152 151
3 125 149 134
3 149 148 152
3 74 459 452
3 238 227 198
3 126 132 151
3 152 132 149
3 152 148 420
3 151 152 150
3 154 125 145
3 158 154 156
3 156 154 144
3 125 154 153
3 160 156 144
3 158 155 159
3 156 160 157
3 156 155 158
3 161 141 142
3 183 127 184
3 158 153 154
3 175 159 155
3 159 175 185
3 168 159 120
3 146 160 144
3 179 118 181
3 123 171 142
3 141 143 160
3 143 157 160
3 127 193 186
3 157 143 163
3 171 170 161
3 228 219 189
3 87 190 182
3 422 166 96
3 165 172 123
3 167 166 148
3 149 167 148
3 167 125 153
3 112 168 120
3 169 107 129
3 159 169 158
3 107 169 168
3 173 138 170
3 172 171 123
3 171 172 176
3 140 165 123
3 165 237 199
3 165 140 137
3 170 171 176
3 238 198 207
3 118 179 178
3 172 199 210
3 3 176 172
3 170 176 173
3 165 137 195
3 170 180 163
3 162 157 179
3 138 178 180
3 179 180 178
3 118 183 194
3 162 179 181
3 120 185 186
3 733 5 732
3 186 184 127
3 183 184 194
3 194 184 164
3 175 164 185
3 186 185 164
3 186 164 184
3 186 182 191
3 117 202 239
3 217 248 247
3 227 205 225
3 207 196 234
3 135 200 189
3 3 172 210
3 110 190 87
3 191 190 28
3 186 191 120
3 190 191 182
3 186 193 182
3 127 192 193
3 192 5 733
3 162 194 164
3 118 194 181
3 196 137 122
3 196 198 195
3 200 135 124
3 189 122 135
3 212 224 235
3 245 221 735
3 188 449 6
3 234 219 197
3 237 177 243
3 216 308 275
3 203 211 204
3 151 124 126
3 202 243 248
3 6 236 228
3 414 407 409
3 252 240 250
3 276 216 275
3 201 205 121
3 213 197 249
3 233 174 270
3 165 195 237
3 201 224 225
3 303 263 242
3 249 197 116
3 6 200 188
3 210 117 3
3 212 235 247
3 308 209 244
3 246 254 251
3 249 209 213
3 239 248 217
3 236 250 116
3 197 207 234
3 6 208 236
3 272 231 276
3 209 249 244
3 219 228 116
3 219 116 197
3 468 263 229
3 211 203 268
3 242 215 255
3 215 257 246
3 232 735 221
3 199 172 165
3 231 272 261
3 247 243 212
3 265 260 221
3 256 262 306
3 211 224 204
3 201 204 224
3 298 282 288
3 356 744 743
3 223 203 231
3 223 231 261
3 259 302 270
3 278 279 277
3 121 230 201
3 189 219 234
3 218 260 266
3 269 224 211
3 303 273 380
3 200 228 189
3 260 265 266
3 238 213 205
3 324 294 319
3 417 316 300
3 121 205 213
3 198 227 177
3 209 216 121
3 204 258 203
3 203 223 245
3 421 208 130
3 250 240 249
3 307 472 461
3 237 243 202
3 247 235 301
3 245 758 268
3 271 274 306
3 199 237 202
3 177 227 212
3 760 759 233
3 202 210 199
3 205 227 238
3 188 200 124
3 202 248 239
3 117 210 202
3 212 227 225
3 195 177 237
3 207 197 213
3 230 121 216
3 222 257 256
3 309 240 254
3 223 265 221
3 242 262 256
3 301 269 270
3 258 231 203
3 247 248 243
3 114 265 223
3 114 278 265
3 258 204 230
3 221 260 232
3 212 243 177
3 211 268 269
3 224 212 225
3 244 249 240
3 250 249 116
3 253 236 208
3 214 255 253
3 252 250 253
3 304 255 206
3 250 236 253
3 256 257 215
3 255 214 206
3 251 252 253
3 221 245 223
3 240 252 254
3 303 304 273
3 350 345 355
3 251 255 215
3 245 268 203
3 265 278 266
3 272 279 261
3 734 760 758
3 276 230 216
3 270 174 301
3 251 215 246
3 737 282 290
3 320 246 257
3 114 223 261
3 278 277 285
3 276 231 258
3 242 256 215
3 232 260 342
3 269 268 259
3 325 285 313
3 271 267 274
3 737 297 282
3 394 218 325
3 640 638 349
3 325 266 226
3 267 357 274
3 262 263 271
3 270 269 259
3 326 306 274
3 304 353 273
3 251 253 255
3 353 300 316
3 269 235 224
3 216 209 308
3 262 242 263
3 312 280 272
3 345 350 396
3 468 271 263
3 288 282 281
3 280 312 241
3 230 276 258
3 276 275 312
3 280 277 272
3 278 285 226
3 278 226 266
3 279 278 114
3 261 279 114
3 272 277 279
3 360 362 388
3 285 286 283
3 323 287 280
3 286 288 283
3 437 739 220
3 295 368 297
3 277 286 285
3 401 403 404
3 311 241 312
3 283 288 281
3 286 277 280
3 285 283 367
3 280 287 286
3 292 286 287
3 323 280 241
3 326 330 222
3 284 293 292
3 298 288 292
3 218 266 325
3 293 362 361
3 218 394 347
3 736 765 740
3 292 293 298
3 282 297 281
3 286 292 288
3 284 292 287
3 293 284 322
3 358 222 359
3 322 323 319
3 358 294 320
3 314 332 337
3 273 381 380
3 737 296 297
3 296 295 297
3 298 361 290
3 282 298 290
3 736 766 765
3 356 351 372
3 247 301 174
3 222 306 326
3 232 743 742
3 269 301 235
3 259 758 760
3 233 270 302
3 263 303 229
3 304 303 242
3 255 304 242
3 353 304 206
3 482 386 387
3 380 381 349
3 256 306 222
3 271 306 262
3 4 654 658
3 461 365 307
3 309 244 240
3 308 244 309
3 321 246 320
3 308 309 310
3 309 254 321
3 319 310 324
3 308 310 311
3 241 311 310
3 276 312 272
3 311 312 275
3 367 281 352
3 345 373 315
3 326 274 327
3 332 314 327
3 343 260 218
3 744 356 348
3 300 206 214
3 385 349 381
3 381 382 406
3 267 468 630
3 482 470 481
3 318 329 327
3 322 319 294
3 241 310 319
3 310 309 321
3 320 257 358
3 246 321 254
3 321 320 324
3 322 294 362
3 323 322 284
3 287 323 284
3 241 319 323
3 321 324 310
3 294 324 320
3 285 325 226
3 439 355 347
3 274 357 327
3 314 388 326
3 318 634 329
3 314 326 327
3 389 314 337
3 294 328 362
3 337 331 334
3 327 329 332
3 326 328 330
3 359 328 294
3 331 341 334
3 341 764 334
3 329 365 338
3 764 389 334
3 365 335 392
3 365 329 307
3 341 339 340
3 337 332 331
3 475 471 462
3 595 636 495
3 331 338 336
3 331 332 338
3 332 329 338
3 337 334 389
3 333 366 391
3 339 331 336
3 333 291 340
3 339 333 340
3 740 765 289
3 339 341 331
3 340 291 764
3 343 342 260
3 343 356 342
3 348 315 377
3 378 373 264
3 393 394 313
3 438 370 395
3 313 394 325
3 345 315 355
3 745 742 743
3 348 372 315
3 369 439 394
3 347 355 372
3 347 351 218
3 372 355 315
3 327 357 318
3 345 374 373
3 439 369 438
3 381 353 316
3 352 393 367
3 300 353 206
3 281 368 352
3 573 568 571
3 633 357 267
3 421 214 208
3 313 367 393
3 351 356 343
3 395 370 399
3 434 393 352
3 218 351 343
3 415 417 423
3 257 222 358
3 359 222 330
3 328 359 330
3 294 358 359
3 761 361 363
3 360 361 362
3 293 361 298
3 363 361 360
3 362 293 322
3 362 328 388
3 389 363 360
3 761 363 763
3 560 549 500
3 752 751 484
3 392 187 391
3 338 365 336
3 339 366 333
3 366 339 336
3 285 367 313
3 281 367 283
3 297 368 281
3 295 437 441
3 295 434 368
3 369 393 434
3 447 444 402
3 371 447 404
3 404 403 398
3 374 396 401
3 356 372 348
3 372 351 347
3 345 396 374
3 377 375 354
3 374 401 402
3 373 374 443
3 377 354 744
3 264 375 378
3 370 400 399
3 378 315 373
3 375 377 378
3 315 378 377
3 438 395 350
3 402 444 443
3 273 353 381
3 629 349 628
3 316 382 381
3 305 405 406
3 417 382 316
3 384 406 405
3 405 383 384
3 459 458 413
3 431 386 384
3 640 385 386
3 406 385 381
3 386 385 384
3 431 384 383
3 317 636 640
3 458 488 413
3 383 410 479
3 326 388 328
3 389 388 314
3 363 389 299
3 360 388 389
3 462 632 564
3 376 447 364
3 336 365 392
3 753 708 187
3 391 366 392
3 434 352 368
3 394 393 369
3 436 370 438
3 443 264 373
3 400 379 399
3 344 350 395
3 399 346 344
3 344 396 350
3 738 220 739
3 395 399 344
3 379 346 399
3 440 370 436
3 397 379 400
3 344 401 396
3 346 403 344
3 404 398 371
3 403 346 398
3 401 344 403
3 364 445 446
3 401 404 402
3 409 405 305
3 410 409 412
3 406 384 385
3 305 406 382
3 409 415 414
3 453 418 416
3 452 419 74
3 413 408 412
3 423 417 421
3 412 409 407
3 409 410 405
3 408 488 479
3 411 449 448
3 450 451 448
3 413 412 407
3 410 412 408
3 74 426 428
3 603 609 587
3 415 409 305
3 411 448 416
3 417 415 305
3 411 414 415
3 420 150 152
3 407 414 418
3 417 305 382
3 421 417 300
3 411 418 414
3 454 453 416
3 150 454 451
3 420 419 454
3 422 148 166
3 96 424 422
3 214 421 300
3 423 421 130
3 424 96 90
3 148 422 420
3 130 6 449
3 423 411 415
3 91 425 90
3 425 429 424
3 83 426 425
3 430 419 429
3 83 89 457
3 430 426 74
3 467 712 668
3 522 506 427
3 83 428 426
3 464 465 428
3 430 429 425
3 419 420 429
3 426 430 425
3 419 430 74
3 476 431 383
3 386 431 387
3 387 431 476
3 708 754 460
3 633 462 634
3 485 475 578
3 437 220 435
3 440 434 441
3 440 435 397
3 370 440 400
3 369 434 436
3 440 441 435
3 739 295 296
3 350 355 439
3 369 436 438
3 394 439 347
3 350 439 438
3 400 440 397
3 434 440 436
3 295 441 434
3 435 441 437
3 402 443 374
3 445 447 371
3 264 443 442
3 376 442 444
3 443 444 442
3 364 447 445
3 447 402 404
3 445 0 446
3 444 447 376
3 449 411 423
3 448 188 450
3 130 449 423
3 188 448 449
3 124 450 188
3 150 450 151
3 454 150 420
3 416 448 451
3 413 407 452
3 453 407 418
3 419 452 453
3 407 453 452
3 453 454 419
3 451 454 416
3 487 509 510
3 471 709 710
3 586 590 648
3 465 464 427
3 52 457 89
3 457 456 464
3 481 470 480
3 753 392 335
3 74 428 459
3 459 428 465
3 455 507 505
3 446 376 364
3 365 461 335
3 461 472 471
3 632 462 633
3 390 564 594
3 457 464 428
3 670 643 673
3 464 456 649
3 506 465 427
3 459 465 458
3 469 510 463
3 507 478 505
3 534 535 519
3 626 477 667
3 580 642 575
3 480 470 487
3 463 480 469
3 482 317 386
3 660 667 477
3 522 514 526
3 668 712 713
3 568 573 557
3 307 329 634
3 462 471 472
3 481 480 492
3 508 507 455
3 481 637 482
3 595 596 594
3 476 383 479
3 489 513 517
3 469 480 487
3 629 468 229
3 507 509 512
3 637 481 498
3 488 408 413
3 408 479 410
3 470 387 511
3 470 482 387
3 507 486 509
3 492 498 481
3 455 505 506
3 511 387 476
3 493 480 463
3 471 475 485
3 753 335 710
3 474 573 576
3 757 756 752
3 578 475 390
3 711 575 642
3 489 497 513
3 504 558 501
3 478 507 512
3 485 709 471
3 505 488 458
3 488 478 479
3 492 496 494
3 541 524 533
3 490 494 501
3 518 513 491
3 491 497 494
3 480 493 496
3 499 498 492
3 519 516 518
3 491 494 496
3 491 513 497
3 490 492 494
3 499 490 500
3 630 631 635
3 480 496 492
3 491 496 493
3 547 552 553
3 494 497 501
3 499 492 490
3 495 636 637
3 558 589 501
3 495 498 499
3 576 582 474
3 499 500 596
3 504 501 497
3 504 503 558
3 517 533 489
3 554 561 502
3 497 553 504
3 503 556 557
3 553 497 489
3 558 503 557
3 488 505 478
3 506 505 458
3 465 506 458
3 599 530 535
3 526 506 522
3 510 509 486
3 526 455 506
3 486 507 508
3 487 511 509
3 479 512 476
3 510 486 529
3 487 510 469
3 470 511 487
3 512 511 476
3 478 512 479
3 511 512 509
3 519 493 463
3 517 518 520
3 526 514 532
3 486 508 536
3 516 523 520
3 523 515 520
3 491 519 518
3 463 534 519
3 517 513 518
3 592 541 533
3 519 491 493
3 518 516 520
3 510 529 463
3 610 613 543
3 546 536 508
3 515 517 520
3 591 657 656
3 516 530 537
3 539 543 527
3 575 641 597
3 522 427 588
3 455 526 508
3 515 523 538
3 600 597 583
3 601 537 641
3 585 606 532
3 585 532 514
3 503 553 552
3 544 712 541
3 547 489 533
3 536 529 486
3 575 598 641
3 529 528 534
3 535 516 519
3 528 616 584
3 583 602 521
3 610 611 613
3 606 585 746
3 528 529 536
3 592 517 515
3 548 547 533
3 529 534 463
3 535 534 528
3 584 583 597
3 535 530 516
3 546 508 526
3 645 606 605
3 516 537 523
3 537 530 599
3 538 523 601
3 539 542 538
3 543 613 531
3 539 527 542
3 602 525 608
3 609 603 608
3 515 538 542
3 541 542 544
3 466 614 543
3 542 541 515
3 569 688 694
3 551 545 548
3 527 544 542
3 647 527 614
3 712 467 524
3 554 502 556
3 532 645 526
3 546 526 645
3 548 533 524
3 547 545 552
3 629 630 468
3 545 547 548
3 499 596 495
3 677 550 672
3 661 562 566
3 562 561 554
3 467 548 524
3 551 550 555
3 554 552 545
3 556 552 554
3 504 553 503
3 547 553 489
3 555 545 551
3 545 555 554
3 462 564 475
3 562 559 561
3 557 556 502
3 503 552 556
3 561 565 502
3 500 589 560
3 560 558 557
3 490 589 500
3 574 571 660
3 568 502 565
3 573 560 557
3 560 474 549
3 562 554 555
3 662 663 559
3 567 562 555
3 567 566 562
3 582 549 474
3 484 578 577
3 677 555 550
3 594 581 582
3 663 561 559
3 568 565 563
3 678 677 672
3 667 572 626
3 544 527 647
3 596 549 581
3 568 563 571
3 502 568 557
3 467 483 672
3 594 564 593
3 571 574 570
3 578 576 577
3 661 662 559
3 573 571 570
3 661 559 562
3 483 670 672
3 576 573 570
3 573 474 560
3 660 571 563
3 666 579 574
3 598 575 611
3 577 579 752
3 576 570 577
3 576 390 582
3 579 577 570
3 756 757 755
3 485 578 484
3 576 578 390
3 570 574 579
3 663 563 565
3 670 483 643
3 467 551 548
3 390 475 564
3 549 596 500
3 594 582 390
3 582 581 549
3 584 599 535
3 525 606 746
3 535 528 584
3 616 528 536
3 590 514 588
3 585 590 657
3 514 522 588
3 649 617 648
3 590 585 514
3 594 593 595
3 649 427 464
3 456 52 620
3 580 433 642
3 517 592 533
3 586 656 657
3 648 590 588
3 521 607 433
3 501 589 490
3 560 589 558
3 515 541 592
3 676 692 669
3 593 631 639
3 636 317 637
3 594 596 581
3 595 495 596
3 537 601 523
3 599 597 641
3 466 543 531
3 538 601 610
3 584 597 599
3 711 611 575
3 600 583 521
3 601 598 610
3 583 644 602
3 641 537 599
3 536 546 645
3 610 543 539
3 521 608 607
3 584 644 583
3 525 602 606
3 605 606 602
3 521 602 608
3 603 433 607
3 608 525 609
3 603 607 608
3 746 609 525
3 658 609 591
3 610 539 538
3 610 598 611
3 600 580 575
3 531 611 540
3 551 467 550
3 614 527 543
3 611 531 613
3 680 681 675
3 614 682 647
3 536 605 616
3 614 466 615
3 644 616 605
3 49 46 617
3 13 11 622
3 15 55 17
3 50 44 54
3 42 621 706
3 652 11 51
3 620 617 649
3 52 54 45
3 11 45 622
3 750 623 42
3 44 13 622
3 650 47 17
3 625 12 30
3 619 9 624
3 625 9 659
3 483 668 643
3 574 660 666
3 685 677 678
3 662 665 572
3 631 630 628
3 380 629 229
3 349 629 380
3 630 629 628
3 628 639 631
3 267 271 468
3 593 632 631
3 633 635 632
3 564 632 593
3 634 462 472
3 357 633 318
3 635 633 267
3 307 634 472
3 318 633 634
3 630 635 267
3 632 635 631
3 638 636 595
3 636 638 640
3 482 637 317
3 495 637 498
3 639 595 593
3 349 638 628
3 628 638 639
3 595 639 638
3 385 640 349
3 317 640 386
3 521 580 600
3 601 641 598
3 575 597 600
3 433 580 521
3 748 747 701
3 669 670 676
3 616 644 584
3 602 644 605
3 606 645 532
3 536 645 605
3 682 612 681
3 680 668 713
3 682 614 615
3 647 646 713
3 649 648 588
3 46 648 617
3 649 588 427
3 649 456 620
3 650 55 651
3 47 650 41
3 703 651 55
3 705 704 621
3 4 56 653
3 51 653 655
3 653 56 655
3 658 587 609
3 656 586 56
3 46 655 56
3 51 655 652
3 658 656 4
3 657 591 746
3 586 657 590
3 587 658 654
3 591 656 658
3 625 659 12
3 55 659 9
3 660 563 663
3 572 667 662
3 662 661 665
3 664 661 566
3 663 565 561
3 477 626 666
3 660 663 662
3 432 627 664
3 664 627 665
3 664 665 661
3 572 665 627
3 666 626 473
3 666 660 477
3 660 662 667
3 664 566 696
3 668 483 467
3 679 673 643
3 672 670 669
3 693 720 695
3 673 676 670
3 672 669 678
3 467 672 550
3 675 679 680
3 673 671 676
3 664 696 432
3 677 685 567
3 700 747 748
3 673 679 671
3 55 9 703
3 692 693 695
3 685 686 684
3 555 677 567
3 684 686 687
3 669 692 686
3 680 679 643
3 749 701 747
3 668 680 643
3 680 646 681
3 682 681 646
3 681 612 749
3 647 682 646
3 612 682 615
3 686 685 678
3 696 566 690
3 690 566 567
3 674 687 688
3 685 684 690
3 669 686 678
3 686 683 687
3 683 694 688
3 687 674 697
3 716 719 725
3 683 688 687
3 724 725 720
3 685 690 567
3 690 684 691
3 684 697 691
3 674 432 691
3 693 692 676
3 686 692 683
3 699 676 671
3 695 720 722
3 683 695 694
3 671 714 699
3 692 695 683
3 702 714 715
3 690 691 696
3 432 696 691
3 687 697 684
3 674 691 697
3 689 698 716
3 724 699 714
3 676 699 693
3 714 671 700
3 671 679 747
3 604 689 715
3 747 679 675
3 747 675 749
3 619 703 9
3 716 698 719
3 42 651 705
3 651 619 704
3 704 705 651
3 621 43 706
3 707 706 43
3 653 707 43
3 51 11 750
3 471 710 461
3 709 484 751
3 484 709 485
3 753 754 708
3 754 709 751
3 461 710 335
3 642 540 711
3 611 711 540
3 541 712 524
3 713 712 544
3 647 713 544
3 680 713 646
3 715 714 700
3 714 702 724
3 604 715 700
3 715 689 716
3 718 725 719
3 715 716 702
3 569 722 723
3 718 729 728
3 569 694 722
3 727 717 729
3 721 729 719
3 724 720 693
3 723 726 728
3 695 722 694
3 719 698 721
3 720 725 726
3 724 693 699
3 722 720 726
3 725 724 702
3 716 725 702
3 726 725 718
3 728 726 718
3 722 726 723
3 721 2 727
3 729 718 719
3 717 723 728
3 727 729 721
3 728 729 717
3 730 61 66
3 84 730 71
3 110 731 32
3 732 731 87
3 733 732 87
3 82 732 5
3 182 733 87
3 733 193 192
3 743 232 342
3 302 259 760
3 742 735 232
3 735 734 758
3 761 290 361
3 766 762 765
3 761 737 290
3 737 736 740
3 295 739 437
3 740 738 739
3 740 739 296
3 740 296 737
3 289 738 740
3 743 342 356
3 377 744 348
3 759 742 119
3 735 742 734
3 119 745 741
3 354 741 744
3 744 741 745
3 742 745 119
3 744 745 743
3 657 746 585
3 609 746 591
3 700 671 747
3 701 604 748
3 700 748 604
3 681 749 675
3 612 701 749
3 706 750 42
3 51 750 707
3 484 577 752
3 755 757 473
3 757 579 666
3 753 187 392
3 754 753 710
3 709 754 710
3 754 751 460
3 751 756 460
3 756 751 752
3 460 756 755
3 579 757 752
3 757 666 473
3 268 758 259
3 735 758 245
3 302 760 233
3 742 759 734
3 734 759 760
3 763 363 299
3 737 761 736
3 764 291 766
3 289 765 762
3 761 763 736
3 766 299 764
3 764 299 389
3 764 341 340
3 766 736 763
3 766 763 299
3 291 762 766
