963
1828
0 0 0
1 0.57735 0
1 -0.57735 0
0.5 -0.288675 0
1 -0.0773503 0
0.75 -0.433013 0
0.930184 -0.093333 0
1 -0.32735 0
0.826549 -0.20235 0
0.857032 -0.21537 0
0.892432 -0.293771 0
0.872262 -0.244812 0
0.940617 -0.328496 0
0.961712 -0.295345 0
0.772712 -0.340667 0
0.925308 -0.278682 0
0.845788 -0.347019 0
0.939124 -0.301696 0
0.914937 -0.313336 0
0.875 -0.505181 0
0.898562 -0.370406 0
0.914153 -0.343996 0
0.867598 -0.33432 0
1 -0.38985 0
0.889227 -0.347089 0
0.890027 -0.32103 0
0.86508 -0.36329 0
1 -0.45235 0
0.941315 -0.36003 0
0.920186 -0.366239 0
0.820646 -0.344833 0
0.962679 -0.2719 0
1 -0.20235 0
0.92538 -0.38764 0
0.78125 -0.451055 0
0.893627 -0.40757 0
0.9705 -0.337824 0
0.962631 -0.390736 0
0.904822 -0.390147 0
0.877636 -0.386537 0
0.8125 -0.469097 0
0.838651 -0.375053 0
0.852623 -0.399535 0
1 -0.3586 0
0.96772 -0.364452 0
0.944735 -0.380408 0
0.986162 -0.374225 0
0.867622 -0.273319 0
1 -0.26485 0
0.889209 -0.223333 0
0.896058 -0.258312 0
0.904685 -0.277109 0
0.960057 -0.31875 0
0.845413 -0.250069 0
0.82208 -0.294589 0
0.83546 -0.320114 0
0.850466 -0.295977 0
0.868803 -0.310783 0
0.837304 -0.274194 0
0.789341 -0.244647 0
0.807942 -0.268155 0
0.817982 -0.241098 0
0.757886 -0.288649 0
0.837416 -0.228096 0
0.800442 -0.216899 0
0.789677 -0.294922 0
0.483867 -0.207171 0
0.806082 -0.319306 0
0.709554 -0.255587 0
0.828402 -0.142585 0
0.781717 -0.317988 0
0.796785 -0.341528 0
0.783221 -0.383792 0
0.805335 -0.367581 0
0.594092 -0.24855 0
0.779334 -0.187351 0
0.872897 -0.153149 0
0.783436 -0.360896 0
0.608548 -0.272165 0
0.6875 -0.396928 0
1 0.25 0
0.804686 -0.389884 0
0.828136 -0.397281 0
0.776924 -0.223584 0
0.752486 -0.251752 0
0.676855 -0.223141 0
0.68506 -0.199127 0
0.697701 -0.237613 0
0.795378 -0.170509 0
0.625 -0.360844 0
0.550165 -0.261847 0
0.67169 -0.260727 0
0.727786 -0.244132 0
0.552334 -0.306284 0
0.691032 -0.267665 0
0.734633 -0.26578 0
0.627179 -0.240337 0
0.758776 -0.403114 0
0.512523 -0.241513 0
0.762217 -0.372145 0
0.635051 -0.217982 0
0.952908 -0.41612 0
0.375 -0.216506 0
0.505663 -0.171963 0
0.588787 -0.224182 0
0.447315 -0.196461 0
0.769405 -0.152422 0
0.778107 -0.269861 0
0.82582 -0.173908 0
0.803784 -0.192199 0
0.836847 -0.436788 0
0.907275 -0.474102 0
0.34375 -0.198464 0
1 -0.4211 0
0.880661 -0.467746 0
0.833987 -0.121604 0
0.583108 -0.271507 0
0.714674 -0.309329 0
0.775831 -0.424357 0
0.80757 -0.421611 0
0.71875 -0.414971 0
0.740202 -0.4139 0
1 0.127244 0
0.85139 -0.186384 0
0.888536 -0.186193 0
0.869922 -0.178243 0
0.753684 -0.175767 0
0.769272 -0.204879 0
0.732537 -0.291168 0
0.713268 -0.276796 0
0.745454 -0.321737 0
0.790333 -0.407183 0
0.805077 -0.445869 0
0.828001 -0.418024 0
0.721439 -0.374228 0
0.742464 -0.385626 0
0.970958 0.0363865 0
0.876676 -0.204984 0
0.942889 -0.203784 0
0.898115 -0.151534 0
0.565123 -0.232053 0
0.749107 -0.203537 0
0.746446 -0.349399 0
0.762489 -0.309258 0
0.71006 -0.393937 0
1 0.0044873 0
0.912689 -0.204331 0
0.928418 -0.238729 0
0.927206 -0.171914 0
0.928044 -0.218105 0
0.909491 -0.18344 0
0.53125 -0.306717 0
0.7463 -0.22796 0
0.517955 -0.261933 0
0.570525 -0.253417 0
0.46875 -0.270633 0
0.718989 -0.215377 0
0.568494 -0.198275 0
0.720056 -0.185325 0
0.523085 -0.284776 0
0.601129 -0.20251 0
0.25 -0.144338 0
0.416196 -0.194977 0
0.555252 -0.214011 0
0.467599 -0.194963 0
0.643284 -0.252664 0
0.9375 -0.541266 0
0.383155 -0.125332 0
0.471339 -0.248976 0
0.432747 -0.174929 0
0.477944 -0.177452 0
0.971572 -0.435882 0
0.889824 -0.488277 0
0.924535 -0.416001 0
0.97952 -0.258742 0
0.849161 -0.420036 0
0.385154 -0.149408 0
0.904974 -0.040307 0
0.501177 -0.193536 0
0.939788 -0.439926 0
0.992753 -0.0568909 0
0.714425 -0.342157 0
0.905996 -0.238206 0
0.917983 -0.258015 0
0.942277 -0.258693 0
0.968622 -0.240358 0
1 -0.1711 0
0.931946 -0.134197 0
0.511617 -0.212941 0
0.538057 -0.20273 0
0.401124 -0.212225 0
0.3125 -0.180422 0
0.975742 -0.0378466 0
0.906834 0.0419053 0
0.971609 -0.0617916 0
0.942889 0.0246876 0
0.880281 -0.446136 0
0.52602 -0.182967 0
0.959866 -0.219179 0
0.936782 -0.0687632 0
0.725913 -0.325829 0
0.66425 -0.325362 0
0.690208 -0.364256 0
0.949267 -0.180852 0
0.971351 -0.199347 0
1 -0.13985 0
0.910377 -0.133785 0
0.955237 -0.0917551 0
0.328705 -0.0233364 0
0.965553 -0.00389089 0
0.979815 0.0591349 0
0.898651 0.116969 0
0.87239 -0.407301 0
0.430615 -0.219636 0
0.868306 -0.428143 0
0.90579 -0.0861114 0
0.692078 -0.325573 0
0.688441 -0.296675 0
0.678022 -0.34428 0
0.65625 -0.378886 0
0.66429 -0.279897 0
0.650631 -0.349747 0
0.873215 -0.121221 0
0.6664 -0.302631 0
0.600685 -0.298713 0
0.638701 -0.272421 0
0.531794 -0.232847 0
0.646556 -0.293023 0
0.66116 -0.243082 0
0.647464 -0.197792 0
0.5625 -0.32476 0
0.611885 -0.222986 0
0.808523 -0.151318 0
0.970693 -0.155475 0
0.485868 -0.144735 0
0.365879 -0.192182 0
0.92777 -0.0328621 0
0.913244 -0.0630692 0
0.493557 -0.264951 0
0.491419 -0.24046 0
0.545847 -0.284204 0
0.951484 -0.0364315 0
0.40625 -0.234549 0
0.857325 -0.449748 0
0.676681 -0.379583 0
0.59375 -0.342802 0
0.623566 -0.295427 0
0.400507 -0.16806 0
0.977872 -0.177308 0
0.96782 -0.114789 0
0.971132 0.119408 0
0.421172 -0.134296 0
0.669464 -0.108312 0
1 0.168162 0
0.341328 -0.166575 0
0.335802 -0.0925052 0
0.705567 -0.199856 0
0.847632 -0.152666 0
0.853699 -0.131473 0
0.5 0.288675 0
0.54705 -0.173313 0
0.4375 -0.252591 0
1 0.0863249 0
0.851915 0.0259274 0
0.644563 -0.315124 0
0.61647 -0.324031 0
1 -0.1086 0
0.978324 -0.134492 0
0.408912 -0.092759 0
0.266331 -0.0552333 0
0.527577 -0.135222 0
0.44846 0.0288364 0
0.303503 0.0449601 0
0.340546 -0.122676 0
0.43415 -0.152564 0
0.44953 0.00685453 0
0.944428 -0.114412 0
0.906458 0.00234632 0
0.945017 0.0522556 0
0.631199 -0.340013 0
0.919374 -0.436116 0
0.421042 -0.111757 0
0.495891 -0.0881553 0
0.274309 -0.0352782 0
0.313761 -0.0881192 0
0.356077 -0.139701 0
0.276348 -0.134786 0
0.508758 -0.148904 0
0.28125 -0.16238 0
0.787718 -0.10772 0
0.440476 -0.10034 0
0.927924 0.0397092 0
0.952411 -0.0563612 0
0.935031 -0.0100066 0
0.912114 -0.10956 0
0.928913 0.0747319 0
0.966232 0.0794191 0
0.947831 0.0053312 0
0.986734 -0.0159721 0
0.945693 -0.155081 0
1 -0.2336 0
0.454826 -0.161204 0
0.98031 -0.0929753 0
0.373087 -0.170337 0
0.901864 -0.447279 0
0.379339 -0.0793727 0
0.90625 -0.523224 0
0.302255 -0.124094 0
0.456246 -0.128745 0
0.277914 -0.101847 0
0.377985 -0.102623 0
0.326534 -0.140972 0
0.348884 -0.0742316 0
0.320916 -0.110304 0
0.354775 -0.10455 0
0.990433 0.0249467 0
0.298333 -0.0499345 0
1 0.0454061 0
0.416069 -0.0375893 0
1 -0.0364315 0
0.302757 -0.149274 0
0.35125 -0.0496927 0
0.125 -0.0721688 0
0.586607 -0.319089 0
0.567405 -0.291534 0
0.981676 -0.405475 0
0.460724 -0.229922 0
0.388872 -0.192872 0
0.25 0.144338 0
0.404076 -0.0640827 0
0.440024 -0.0643937 0
0.393233 -0.0432134 0
0.42195 -0.0758145 0
0.470004 -0.102527 0
0.495077 -0.117189 0
0.469868 -0.0717824 0
0.451446 -0.0822262 0
0.523083 -0.0160707 0
0.464044 -0.0313402 0
0.502148 -0.0493445 0
0.458745 -0.0527438 0
0.490775 -0.0674207 0
0.292344 -0.0721967 0
0.294243 -0.0272467 0
0.84375 -0.487139 0
0.859113 -0.471557 0
0.836222 -0.462455 0
1 -0.51485 0
0.92922 -0.519523 0
0.914101 -0.498816 0
1 -0.4836 0
0.97921 -0.455467 0
0.95547 -0.134423 0
0.853098 -0.0698888 0
0.883122 -0.0660524 0
0.87123 -0.0923905 0
0.843882 -0.0958717 0
0.88973 -0.105601 0
0.808843 -0.0688182 0
0.815351 -0.0996689 0
0.830795 -0.0766042 0
0.807723 -0.124936 0
0.783982 -0.132291 0
0.73519 -0.112304 0
0.757162 -0.128214 0
0.725776 -0.148432 0
0.747223 -0.154449 0
0.865474 -0.0175802 0
0.865192 -0.0451319 0
0.883728 -0.0315444 0
0.82608 -0.0309541 0
0.835854 -0.053013 0
0.848124 -0.0311798 0
0.837401 -0.00178854 0
0.859348 0.00437721 0
0.882718 -0.000935819 0
0.75386 0.0596155 0
0.777751 0.00458713 0
0.806715 -0.0066566 0
0.807904 0.0393358 0
0.777584 -0.0387712 0
0.79906 0.0165529 0
0.824217 0.0198954 0
0.776703 0.0383396 0
0.801196 -0.0309203 0
0.783495 -0.0171145 0
0.740255 -0.0169481 0
0.740603 0.0224807 0
0.755235 0.0381908 0
0.888744 0.0779109 0
0.943572 0.107782 0
0.946355 0.0867719 0
0.931049 0.160971 0
0.91841 0.0991661 0
0.946634 0.136572 0
0.969497 0.15882 0
0.918866 0.136013 0
0.823433 0.181363 0
0.883544 0.153255 0
0.897949 0.137965 0
0.963043 0.100105 0
0.990056 0.106784 0
0.981159 0.139564 0
0.97315 0.199789 0
1 0.209081 0
0.947289 0.188023 0
0.950703 0.167573 0
0.850423 0.240483 0
0.986934 0.270986 0
0.922536 0.184482 0
0.900492 0.172051 0
0.805163 0.214642 0
0.760147 0.216095 0
0.883828 0.233488 0
0.844489 0.201694 0
0.760696 0.164543 0
0.905357 0.338871 0
0.91961 0.216559 0
1 0.331838 0
0.922004 0.237117 0
0.947321 0.211625 0
0.846522 0.178901 0
0.794761 0.187277 0
0.868088 0.187507 0
1 0.413675 0
0.868978 0.167295 0
0.976835 0.249399 0
0.992048 0.188622 0
0.97972 0.224243 0
0.780453 0.143937 0
0.863232 0.316457 0
0.927889 0.309692 0
0.667793 -0.155346 0
0.598729 -0.12287 0
0.586011 -0.161535 0
0.569133 -0.176034 0
0.1875 -0.108253 0
0.502162 0.000303055 0
0.367124 -0.0132934 0
0.259344 -0.0854928 0
0.21875 -0.126295 0
0.221076 -0.0894657 0
0.250501 -0.114253 0
0.241054 -0.0956085 0
0.298993 -0.103223 0
0.239777 0.00159155 0
0.208948 -0.107188 0
0.438087 -0.0193487 0
0.229361 -0.0533884 0
0.431183 0.0424697 0
0.438211 -0.0419076 0
0.420947 0.0037362 0
0.248272 -0.0457687 0
0.247225 -0.0667581 0
0.254725 -0.026428 0
0.320283 -0.0569819 0
0.203257 -0.0402556 0
0.495883 0.0261164 0
0.183588 -0.0618668 0
0.469803 0.0234712 0
0.476111 -0.0048998 0
0.480537 0.0787808 0
0.470067 0.0521162 0
0.230073 -0.0286473 0
0.257597 0.0843365 0
0.489424 -0.0269493 0
0.480133 -0.0470401 0
0.294399 0.114854 0
0.275088 0.00232998 0
0.297939 0.0678134 0
0.125 0.0721688 0
0.281555 0.0288042 0
0.16963 -0.0294079 0
0.310602 0.00768181 0
0.143499 -0.00562607 0
0.223617 0.0289302 0
0.275997 0.0593405 0
0.350134 0.068417 0
0.292375 0.0906668 0
0.243626 0.0547819 0
0.262069 0.0410313 0
0.324106 0.0620802 0
0.34626 0.027705 0
0.489734 0.1336 0
0.341141 0.0487323 0
0.263506 0.127254 0
0.316449 0.100831 0
0.369592 0.113184 0
0.395629 0.0709687 0
0.484068 0.155774 0
0.377501 0.0418555 0
0.387761 0.0952529 0
0.418317 0.116109 0
0.412857 0.0905813 0
0.420554 0.0656369 0
0.3125 0.180422 0
0.404319 0.0441664 0
0.44659 0.0635601 0
0.434719 0.0836677 0
0.393239 0.015975 0
0.416632 0.0255959 0
0.445399 0.108888 0
0.369036 0.0189822 0
0.396787 -0.0134763 0
0.208311 -0.0675444 0
0.15625 -0.090211 0
0.191389 -0.0845671 0
0.350352 -0.0276401 0
0.294515 -0.00607925 0
0.201995 -0.00229572 0
0.210843 -0.0210026 0
0.257617 -0.00688774 0
0.136529 -0.0395313 0
0.1875 0.108253 0
0.373158 0.0647602 0
0.246327 0.0239089 0
0.337058 0.00233047 0
0.457638 0.0843863 0
0.482845 0.111775 0
0.328841 0.141027 0
0.339281 0.123094 0
0.219992 0.00834188 0
0.172521 1.53941e-05 0
0.150257 0.0370779 0
0.154647 0.0144965 0
0.150076 -0.0246469 0
0.509399 0.058623 0
0.151106 -0.0630358 0
0.201479 0.0667341 0
0.271441 0.106974 0
0.451391 0.135614 0
0.205074 0.0910572 0
0.249135 0.105063 0
0.363762 0.0891056 0
0.356766 0.00351479 0
0.375 0.216506 0
0.589782 0.0877148 0
0.309315 0.134002 0
0.28125 0.16238 0
0.340151 0.0898261 0
0.304826 0.157629 0
0.340156 0.158422 0
0.505506 0.0936117 0
0.166892 -0.0498158 0
0.220149 0.0522835 0
0.227594 0.0811885 0
0.21875 0.126295 0
0.534478 0.0915846 0
0.0625 -0.0360844 0
0.105233 0.0195654 0
0.522972 0.135185 0
0.518928 0.077394 0
0.559853 0.0448139 0
0.543422 0.0661687 0
0.506249 0.117755 0
0.532026 0.0212386 0
0.570004 0.0696224 0
0.620207 0.0345985 0
0.562678 0.0974874 0
0.599035 0.0577431 0
0.608245 0.181394 0
0.5438 0.117363 0
0.591865 0.135963 0
0.583284 0.112165 0
0.557209 0.154115 0
0.543631 0.138247 0
0.567474 0.131312 0
0.0625 0.0360844 0
0.491089 0.0471728 0
0.530129 0.0456301 0
0.581746 -0.00923722 0
0.587735 0.0261506 0
0.661192 0.0933463 0
0.624196 0.11086 0
0.128105 -0.0201306 0
0.622996 -0.0610847 0
0.58107 0.0463518 0
0.560582 0.0157433 0
0.542551 -0.00101079 0
0.610822 0.00404224 0
0.634108 0.0685708 0
0.09375 -0.0541266 0
0.116498 -0.0508102 0
0.129746 0.0151421 0
0.608815 -0.0300342 0
0.676672 0.000536527 0
0.61913 0.0548695 0
0.637788 0.0917396 0
0.614299 0.0835936 0
0.677466 0.0483648 0
0.644185 0.0105146 0
0.0931203 -0.0191329 0
0.560133 -0.0653829 0
0.551794 -0.0330732 0
0.649675 -0.0301361 0
0.659985 0.0674749 0
0.649182 0.0400427 0
0.665516 0.0220912 0
0.0829091 -0.0368192 0
0.110291 -0.0309261 0
0.111073 -0.00350718 0
0.0625259 0 0
0.591129 -0.0568749 0
0.52719 -0.0418779 0
0.56045 -0.0132141 0
0.629222 -0.0394777 0
0.629763 -0.0135994 0
0.656098 -0.00857243 0
0.0864349 0.00420425 0
0.03125 0.0180422 0
0.0725181 -0.0180494 0
0.584707 -0.0333968 0
0.58387 -0.0911458 0
0.0270633 -0.015625 0
0.0520877 0.0180347 0
0.568125 -0.0460897 0
0.578652 -0.0721362 0
0.546662 -0.101611 0
0.519037 -0.103333 0
0.522701 -0.0725505 0
0.539576 -0.0593555 0
0.617676 -0.0946532 0
0.0414959 -0.000325864 0
0.562606 -0.0869211 0
0.570938 -0.116545 0
0.54893 -0.125123 0
0.547247 -0.149189 0
0.580596 -0.138329 0
0.604891 -0.0754212 0
0.599718 -0.103064 0
0.636618 -0.127842 0
0.648616 -0.0823507 0
0.64924 -0.0562453 0
0.696319 -0.0439728 0
0.676228 -0.0262502 0
0.677962 -0.0699918 0
0.618908 -0.11595 0
0.645826 -0.105943 0
0.670657 -0.0483763 0
0.668245 -0.0879394 0
0.703191 -0.0960723 0
0.696433 -0.130038 0
0.738852 -0.0654281 0
0.7047 -0.0693704 0
0.718603 -0.127272 0
0.689527 -0.111009 0
0.67264 -0.131972 0
0.697806 -0.160451 0
0.679732 -0.175933 0
0.727346 -0.0881102 0
0.759791 -0.0909599 0
0.767234 -0.110205 0
0.784794 -0.0809448 0
0.788604 -0.0585903 0
0.763401 -0.0596307 0
0.753283 -0.0375002 0
0.936879 -0.469712 0
0.964694 -0.518462 0
0.956011 -0.456545 0
0.962967 -0.487137 0
0.939322 -0.496274 0
0.96875 -0.559308 0
0.980834 -0.501862 0
0.980606 -0.476183 0
0.984441 -0.537125 0
0.959281 -0.539624 0
0.881031 0.0282221 0
0.900764 0.0221817 0
0.884341 0.0531514 0
0.841178 0.0735985 0
0.86555 0.0692644 0
0.859953 0.108484 0
0.873898 0.129737 0
0.849634 0.0504584 0
0.82923 0.143844 0
0.826085 0.054968 0
0.849576 0.130495 0
0.939527 0.248132 0
0.792563 0.0975545 0
0.851976 0.156331 0
0.798972 0.0681127 0
0.825802 0.105834 0
0.773746 0.0780401 0
0.812949 0.0865735 0
0.725337 0.14355 0
0.734926 0.0999949 0
0.750834 0.0828254 0
0.718047 0.232099 0
0.802863 0.127063 0
0.843848 0.0946569 0
0.829227 0.248583 0
0.921141 0.273449 0
0.766079 0.190379 0
0.902541 0.194179 0
0.764804 0.123796 0
0.766453 0.100367 0
0.895718 0.291689 0
0.831721 0.220684 0
1 0.290919 0
0.835619 0.301411 0
0.961185 0.3116 0
0.860949 0.282777 0
0.904039 0.314565 0
0.782407 0.207688 0
0.801235 0.158726 0
0.891626 0.213535 0
0.784566 0.116898 0
0.916022 0.293152 0
0.957863 0.258107 0
0.890601 0.266642 0
0.955137 0.278802 0
0.957683 0.232922 0
0.858928 0.219447 0
0.782079 0.169392 0
0.902488 0.24401 0
0.75 0.433013 0
0.87079 0.250486 0
0.825069 0.331034 0
0.87539 0.298716 0
0.945285 0.297575 0
0.975647 0.291977 0
0.942606 0.344346 0
0.971916 0.340904 0
1 0.372756 0
0.961465 0.378425 0
0.9911 0.352297 0
0.959011 0.357526 0
0.762016 0.291888 0
0.835439 0.274632 0
0.799903 0.288262 0
0.811928 0.266474 0
0.783402 0.243993 0
0.925519 0.331151 0
0.812259 0.309782 0
0.769644 0.349956 0
0.795306 0.334488 0
0.904487 0.449148 0
0.769357 0.320459 0
0.789212 0.308708 0
0.799476 0.370427 0
0.677929 0.279388 0
0.812272 0.350731 0
0.861267 0.368557 0
0.838831 0.35398 0
0.702514 0.287228 0
0.847707 0.333057 0
0.836973 0.381394 0
0.711779 0.320024 0
0.688849 0.256008 0
0.625 0.360844 0
0.653848 0.270119 0
0.835667 0.416043 0
0.867651 0.418918 0
0.915303 0.418746 0
0.807065 0.238795 0
0.748676 0.249297 0
0.77814 0.40441 0
0.665247 0.315462 0
0.740545 0.227905 0
0.72143 0.187803 0
0.739405 0.203841 0
0.74381 0.180811 0
0.764438 0.23616 0
0.769042 0.266303 0
0.746035 0.273743 0
0.726465 0.25298 0
0.79739 0.392806 0
0.772781 0.377356 0
0.6875 0.396928 0
0.722875 0.275969 0
0.733876 0.300562 0
0.74861 0.315871 0
0.740452 0.33549 0
0.708104 0.361148 0
0.689406 0.308637 0
0.685148 0.339738 0
0.71877 0.341375 0
0.65625 0.378886 0
0.653386 0.345481 0
0.681156 0.367031 0
0.753933 0.00264704 0
0.907933 0.0650046 0
0.621405 -0.171753 0
0.599948 -0.179669 0
0.623813 -0.195402 0
0.647486 -0.171711 0
0.645807 -0.148846 0
0.609169 -0.147728 0
0.373791 -0.0564919 0
0.321989 0.0291655 0
0.361654 0.140215 0
0.392753 0.134666 0
0.374576 0.177267 0
0.36099 0.161226 0
0.397316 0.114065 0
0.421866 0.147884 0
0.34375 0.198464 0
0.397884 0.162034 0
0.453391 0.208698 0
0.4375 0.252591 0
0.334067 0.179151 0
0.365436 0.196988 0
0.445342 0.162716 0
0.463504 0.152543 0
0.469321 0.182579 0
0.398843 0.188948 0
0.354211 0.180226 0
0.421436 0.174669 0
0.40625 0.234549 0
0.442498 0.18691 0
0.521521 0.19384 0
0.423469 0.210041 0
0.497104 0.180406 0
0.439285 0.228414 0
0.46875 0.270633 0
0.472041 0.236945 0
0.510038 0.157796 0
0.485366 0.209027 0
0.39817 0.212459 0
0.458322 0.25261 0
0.497765 0.256463 0
0.64709 0.300412 0
0.56949 0.282349 0
0.513635 0.271545 0
0.15625 0.090211 0
0.186462 0.0336081 0
0.188377 0.0131244 0
0.178545 0.0571636 0
0.225987 0.104294 0
0.240387 0.124903 0
0.5846 0.164251 0
0.568323 0.211582 0
0.562099 0.182978 0
0.585539 0.192858 0
0.619413 0.231735 0
0.607423 0.207986 0
0.545342 0.201603 0
0.543922 0.236322 0
0.521345 0.247542 0
0.501306 0.230199 0
0.537498 0.172301 0
0.660077 0.196305 0
0.506817 0.209464 0
0.524066 0.224693 0
0.635237 0.208846 0
0.636545 0.180565 0
0.662478 0.231932 0
0.621515 0.150941 0
0.675187 0.148254 0
0.660596 0.170067 0
0.648169 0.145969 0
0.692064 0.175329 0
0.631677 0.131491 0
0.656312 0.120061 0
0.571813 0.239429 0
0.5891 0.22312 0
0.597969 0.250154 0
0.625692 0.26074 0
0.640898 0.242266 0
0.5625 0.32476 0
0.634828 0.280266 0
0.53125 0.306717 0
0.690322 0.212161 0
0.66733 0.253097 0
0.700751 0.151116 0
0.718558 0.16525 0
0.694193 0.113178 0
0.640683 0.323109 0
0.695446 0.234282 0
0.670337 0.213508 0
0.680952 0.193261 0
0.713296 0.209459 0
0.677063 0.126583 0
0.711551 0.00302122 0
0.693735 0.0251114 0
0.700241 -0.0192784 0
0.715158 0.0574177 0
0.727791 0.07743 0
0.690591 0.0790102 0
0.710872 0.0951904 0
0.698093 0.045478 0
0.732719 0.00283433 0
0.681297 0.0972637 0
0.09375 0.0541266 0
0.0855649 0.0322191 0
0.120526 0.0438344 0
0.527917 -0.1606 0
0.882003 0.100406 0
0.740227 0.123995 0
0.752671 0.143153 0
0.716546 0.12141 0
0.73929 0.159876 0
0.984719 0.313804 0
0.983326 0.393216 0
1 0.495513 0
0.956185 0.40978 0
0.913767 0.386514 0
0.935272 0.370275 0
0.936852 0.394727 0
0.942614 0.445588 0
0.912298 0.36221 0
0.888087 0.37587 0
0.78125 0.451055 0
0.880756 0.349918 0
0.875 0.505181 0
0.8125 0.469097 0
0.859374 0.394382 0
0.922723 0.438511 0
0.891508 0.427406 0
0.887175 0.401812 0
0.84375 0.487139 0
0.876464 0.451131 0
0.89249 0.47861 0
0.813946 0.408679 0
0.829296 0.439014 0
0.850375 0.431766 0
0.848155 0.459583 0
0.867045 0.476733 0
0.974988 0.46885 0
0.9375 0.541266 0
0.946258 0.466984 0
0.740548 0.368831 0
0.751816 0.391427 0
0.71875 0.414971 0
0.760454 0.415154 0
0.726017 0.390185 0
0.704936 0.383146 0
0.285281 0.138299 0
0.602233 0.283616 0
0.543324 0.267841 0
0.619811 0.304966 0
0.578124 0.261293 0
0.547835 0.290555 0
0.590022 0.311581 0
0.59375 0.342802 0
0.616105 0.330306 0
0.569543 0.304139 0
0.150581 0.0639459 0
0.88416 0.326816 0
0.793627 0.426803 0
0.806898 0.446239 0
1 0.454594 0
0.956518 0.430381 0
0.97776 0.41546 0
0.979419 0.440403 0
0.962329 0.452309 0
1 0.475053 0
0.958146 0.506043 0
0.95956 0.484274 0
0.919276 0.472344 0
0.898063 0.50132 0
0.937331 0.517504 0
0.180799 0.0827284 0
1 0.536431 0
0.934635 0.493895 0
0.90625 0.523224 0
0.96875 0.559308 0
0.982461 0.514244 0
0.962788 0.532426 0
0.990979 0.556891 0
1 -0.2961 0
0.982467 -0.311725 0
0.72462 -0.040756 0
3 84 59 83
3 50 47 51
3 42 39 26
3 308 281 251
3 148 187 206
3 74 154 116
3 666 374 375
3 183 51 15
3 52 17 12
3 222 258 76
3 182 11 50
3 107 60 59
3 21 28 12
3 55 67 30
3 17 13 31
3 18 21 12
3 36 52 12
3 63 61 53
3 47 11 53
3 33 45 29
3 71 73 30
3 31 15 17
3 185 31 174
3 18 17 15
3 42 82 133
3 60 54 58
3 147 185 198
3 21 24 20
3 21 25 24
3 16 55 30
3 29 21 20
3 33 29 38
3 43 7 36
3 24 25 22
3 46 23 43
3 11 47 50
3 24 22 26
3 28 29 45
3 325 171 113
3 25 21 18
3 16 26 22
3 18 10 25
3 10 47 57
3 51 47 10
3 20 24 26
3 39 20 26
3 73 81 41
3 21 29 28
3 135 120 121
3 46 325 23
3 39 35 38
3 54 65 67
3 660 657 659
3 53 58 47
3 17 18 12
3 204 300 32
3 961 52 36
3 26 16 41
3 81 119 82
3 12 28 36
3 38 29 20
3 45 44 28
3 325 101 171
3 113 23 325
3 39 38 20
3 173 38 35
3 26 41 42
3 39 42 212
3 77 71 14
3 119 132 110
3 30 41 16
3 82 41 81
3 131 119 81
3 42 41 82
3 37 325 46
3 44 36 28
3 43 36 44
3 101 45 33
3 44 45 37
3 43 44 46
3 37 46 44
3 58 61 60
3 960 48 174
3 58 56 47
3 149 138 146
3 84 152 92
3 15 51 18
3 9 53 11
3 961 36 7
3 47 56 57
3 13 17 52
3 18 51 10
3 128 130 143
3 9 11 49
3 31 13 960
3 25 57 22
3 16 22 55
3 54 55 56
3 57 55 22
3 10 57 25
3 55 57 56
3 60 61 59
3 54 56 58
3 59 61 64
3 60 65 54
3 61 58 53
3 107 65 60
3 63 53 9
3 61 63 64
3 64 83 59
3 62 84 95
3 9 8 63
3 64 63 8
3 108 257 69
3 158 256 156
3 143 130 14
3 70 71 67
3 257 123 125
3 74 231 104
3 54 67 55
3 70 67 65
3 163 226 140
3 92 95 84
3 8 9 123
3 87 156 256
3 143 65 62
3 71 70 14
3 77 73 71
3 30 67 71
3 144 79 120
3 118 5 34
3 81 73 72
3 41 30 73
3 225 78 246
3 62 107 84
3 76 257 125
3 222 76 139
3 189 188 226
3 108 8 123
3 128 62 95
3 72 73 77
3 258 69 257
3 72 99 97
3 129 117 128
3 34 40 132
3 346 345 243
3 5 97 121
3 99 72 77
3 97 5 118
3 35 212 214
3 131 97 118
3 88 75 109
3 302 207 249
3 108 88 109
3 90 226 153
3 247 162 169
3 356 222 355
3 226 163 189
3 94 68 87
3 188 178 66
3 92 87 68
3 83 152 84
3 116 78 74
3 159 90 153
3 152 127 141
3 90 116 154
3 115 359 361
3 256 86 85
3 782 787 783
3 165 96 225
3 127 152 83
3 94 91 220
3 362 232 361
3 257 108 123
3 95 68 129
3 75 64 109
3 135 121 97
3 240 159 151
3 301 164 170
3 3 151 159
3 228 100 96
3 66 326 239
3 290 268 281
3 14 99 77
3 131 72 97
3 85 228 87
3 188 197 178
3 210 136 317
3 90 140 226
3 188 66 239
3 100 231 96
3 231 74 96
3 221 201 264
3 234 170 103
3 260 189 157
3 304 196 114
3 102 190 327
3 624 433 629
3 361 69 115
3 84 107 59
3 62 65 107
3 93 324 240
3 109 8 108
3 90 154 140
3 175 214 212
3 38 173 33
3 35 214 196
3 176 247 251
3 304 114 111
3 213 105 162
3 306 166 348
3 295 291 278
3 6 276 207
3 123 137 125
3 224 116 324
3 74 78 96
3 106 88 232
3 244 218 221
3 144 202 79
3 132 118 34
3 110 133 119
3 14 130 142
3 135 97 99
3 291 193 667
3 120 5 121
3 167 268 310
3 137 9 49
3 141 127 126
3 124 137 146
3 139 206 222
3 137 123 9
3 76 124 139
3 100 85 229
3 274 169 301
3 156 152 141
3 90 159 240
3 129 128 95
3 130 128 117
3 95 92 68
3 129 94 217
3 181 134 142
3 14 70 143
3 72 131 81
3 118 119 131
3 345 172 114
3 118 132 119
3 133 110 175
3 82 119 133
3 14 142 99
3 200 142 130
3 142 135 99
3 134 144 135
3 267 266 249
3 209 293 241
3 146 137 49
3 125 137 124
3 149 146 182
3 203 148 138
3 150 124 146
3 150 139 124
3 298 192 319
3 108 69 232
3 126 75 106
3 165 220 91
3 200 130 117
3 135 142 134
3 65 143 70
3 128 143 62
3 135 144 120
3 202 144 134
3 215 355 357
3 145 209 298
3 49 11 182
3 146 138 148
3 51 183 50
3 183 15 184
3 267 233 205
3 32 186 248
3 182 146 49
3 185 147 184
3 146 148 150
3 139 150 148
3 159 153 3
3 74 104 140
3 276 294 187
3 156 141 158
3 307 320 311
3 126 106 366
3 278 291 195
3 352 233 267
3 329 305 268
3 327 303 235
3 109 64 8
3 228 85 100
3 151 230 93
3 254 191 112
3 92 156 87
3 100 784 231
3 151 93 240
3 364 365 366
3 256 85 87
3 326 66 164
3 228 96 165
3 126 127 75
3 241 293 236
3 310 268 305
3 188 239 98
3 188 98 226
3 191 254 311
3 300 198 185
3 158 141 126
3 197 189 260
3 39 212 35
3 663 27 351
3 667 195 291
3 167 251 281
3 35 280 173
3 27 113 171
3 309 307 444
3 162 327 190
3 303 247 176
3 153 98 238
3 311 254 285
3 344 345 346
3 172 19 306
3 237 215 6
3 302 4 194
3 247 303 327
3 199 237 6
3 35 196 304
3 280 304 656
3 294 6 215
3 213 261 326
3 254 235 303
3 960 174 31
3 273 311 285
3 327 235 102
3 301 105 164
3 287 103 886
3 345 19 172
3 236 199 292
3 262 296 210
3 200 216 181
3 134 181 202
3 183 182 50
3 149 182 147
3 184 15 31
3 182 183 147
3 300 185 174
3 147 183 184
3 204 198 300
3 185 184 31
3 299 233 352
3 129 68 94
3 248 204 32
3 302 249 266
3 197 188 189
3 229 85 86
3 106 362 364
3 326 168 239
3 238 168 155
3 168 261 155
3 101 37 45
3 101 33 173
3 194 207 302
3 115 356 359
3 276 249 207
3 370 373 378
3 195 136 278
3 192 180 319
3 285 303 176
3 86 648 229
3 300 174 48
3 179 171 101
3 178 197 103
3 308 290 281
3 162 190 213
3 268 332 329
3 243 214 175
3 311 273 313
3 216 200 117
3 142 200 181
3 217 216 117
3 217 94 220
3 218 181 216
3 221 219 244
3 204 203 138
3 186 205 233
3 147 198 149
3 148 206 139
3 203 204 248
3 299 203 233
3 187 294 206
3 276 6 294
3 405 406 403
3 333 336 290
3 455 342 284
3 209 297 293
3 262 210 317
3 274 247 169
3 278 210 296
3 277 297 195
3 251 167 176
3 349 172 306
3 280 656 179
3 179 101 173
3 326 105 213
3 280 35 304
3 236 292 241
3 296 400 391
3 203 299 148
3 117 129 217
3 218 216 201
3 156 92 152
3 216 217 223
3 223 227 264
3 181 218 202
3 219 221 89
3 202 244 79
3 76 258 257
3 216 223 201
3 218 201 221
3 265 279 264
3 224 323 265
3 217 220 223
3 220 225 227
3 91 87 228
3 168 238 239
3 240 324 90
3 224 265 246
3 223 264 201
3 264 279 221
3 323 324 230
3 220 227 223
3 647 256 158
3 190 102 242
3 163 140 104
3 224 324 323
3 365 641 647
3 64 75 127
3 242 213 190
3 326 164 105
3 354 355 215
3 154 74 140
3 148 299 187
3 781 291 295
3 454 511 445
3 303 285 254
3 234 301 170
3 390 396 393
3 209 315 136
3 277 177 236
3 102 235 112
3 105 169 162
3 136 195 297
3 132 346 110
3 261 213 242
3 64 127 83
3 327 162 247
3 399 211 396
3 308 333 290
3 157 189 163
3 172 349 111
3 149 198 138
3 111 114 172
3 218 244 202
3 219 79 244
3 323 245 265
3 225 96 78
3 225 246 227
3 176 167 285
3 169 105 301
3 186 233 248
3 203 248 233
3 4 302 266
3 104 157 163
3 278 296 391
3 251 274 308
3 444 313 284
3 311 313 307
3 255 314 312
3 273 285 314
3 786 782 785
3 788 312 305
3 312 314 305
3 329 788 305
3 284 313 255
3 165 225 220
3 258 222 356
3 157 104 160
3 258 115 69
3 91 228 165
3 108 232 88
3 106 75 88
3 420 428 711
3 206 294 357
3 160 104 231
3 282 333 334
3 66 170 164
3 100 229 784
3 292 192 241
3 199 6 207
3 236 177 237
3 247 274 251
3 246 264 227
3 264 246 265
3 279 89 221
3 279 245 89
3 317 136 315
3 178 103 170
3 266 267 205
3 249 276 352
3 553 569 552
3 452 283 454
3 447 451 318
3 335 340 336
3 543 512 527
3 468 283 343
3 309 286 307
3 827 523 825
3 167 281 268
3 275 271 451
3 471 476 480
3 480 476 479
3 283 452 269
3 467 537 927
3 286 320 307
3 311 320 191
3 187 299 352
3 180 194 4
3 341 335 282
3 334 333 308
3 296 401 400
3 305 314 310
3 245 279 265
3 317 315 145
3 243 196 214
3 269 453 439
3 439 309 342
3 287 334 234
3 334 287 270
3 336 340 330
3 880 589 874
3 270 625 618
3 448 504 441
3 626 886 260
3 301 234 308
3 462 517 497
3 273 314 255
3 321 507 208
3 342 309 444
3 191 320 288
3 161 288 286
3 274 301 308
3 210 278 136
3 338 450 340
3 103 287 234
3 393 389 781
3 402 250 122
3 277 236 293
3 133 175 42
3 310 314 167
3 400 250 390
3 209 145 315
3 293 297 277
3 393 391 390
3 250 394 390
3 453 452 448
3 101 325 37
3 391 400 390
3 297 209 136
3 4 319 180
3 373 374 263
3 253 395 402
3 209 241 192
3 656 304 111
3 138 198 204
3 155 3 238
3 224 78 116
3 180 192 194
3 192 292 194
3 207 194 292
3 87 91 94
3 243 345 114
3 179 173 280
3 243 175 110
3 116 90 324
3 298 319 145
3 261 168 326
3 627 625 626
3 283 316 343
3 285 167 314
3 334 618 282
3 501 518 530
3 255 312 455
3 321 455 312
3 453 448 441
3 886 103 197
3 331 788 329
3 332 336 330
3 290 336 332
3 334 308 234
3 239 238 98
3 460 447 338
3 457 460 437
3 318 329 332
3 354 353 355
3 466 465 338
3 602 575 584
3 236 237 199
3 192 298 209
3 286 288 320
3 318 332 330
3 237 354 215
3 207 292 199
3 781 193 291
3 336 333 335
3 290 332 268
3 381 378 382
3 271 449 500
3 273 255 313
3 224 246 78
3 230 245 323
3 124 76 125
3 93 230 324
3 243 114 196
3 112 235 254
3 3 153 238
3 98 153 226
3 175 212 42
3 66 178 170
3 331 329 318
3 333 282 335
3 623 624 612
3 465 437 460
3 465 460 338
3 335 341 466
3 338 447 450
3 619 341 282
3 341 339 466
3 442 309 439
3 455 284 255
3 208 343 316
3 506 441 504
3 346 132 40
3 19 345 344
3 110 346 243
3 344 346 40
3 664 347 662
3 171 351 27
3 665 664 657
3 349 348 660
3 306 348 349
3 657 348 166
3 658 179 656
3 663 662 350
3 658 171 179
3 659 663 658
3 249 352 267
3 187 352 276
3 369 277 375
3 359 289 361
3 237 177 354
3 354 369 368
3 356 355 353
3 355 222 357
3 356 353 360
3 258 356 115
3 206 357 222
3 215 357 294
3 371 360 353
3 358 370 384
3 360 359 356
3 652 359 358
3 368 372 371
3 359 360 358
3 362 361 289
3 361 232 69
3 651 364 362
3 232 362 106
3 654 652 653
3 158 126 366
3 651 362 289
3 644 364 363
3 640 645 644
3 641 365 644
3 364 366 106
3 158 366 365
3 358 360 371
3 354 368 353
3 369 354 177
3 368 367 372
3 277 369 177
3 367 368 369
3 372 367 373
3 372 373 370
3 368 371 353
3 358 371 370
3 367 374 373
3 371 372 370
3 378 381 377
3 655 962 642
3 367 375 374
3 667 375 277
3 369 375 367
3 375 667 666
3 382 673 675
3 486 467 478
3 875 386 873
3 378 384 370
3 381 382 379
3 385 384 378
3 673 668 670
3 381 383 377
3 386 655 385
3 650 652 654
3 382 378 373
3 383 381 379
3 373 263 382
3 673 382 263
3 680 379 675
3 376 388 383
3 385 378 377
3 384 380 653
3 385 377 780
3 380 384 385
3 377 383 388
3 387 881 780
3 580 596 595
3 556 559 536
3 876 388 376
3 388 387 780
3 670 671 689
3 193 668 666
3 390 394 396
3 278 391 295
3 122 401 262
3 409 693 410
3 675 669 683
3 393 211 887
3 391 393 295
3 402 394 250
3 396 394 392
3 426 428 80
3 394 395 406
3 410 392 409
3 393 396 211
3 406 405 392
3 676 681 671
3 396 410 399
3 671 672 676
3 410 396 392
3 672 399 398
3 122 250 401
3 401 296 262
3 400 401 250
3 253 402 122
3 394 402 395
3 696 718 709
3 395 403 406
3 404 403 427
3 403 404 428
3 697 407 690
3 392 405 409
3 394 406 392
3 427 395 253
3 425 421 679
3 412 692 703
3 427 253 404
3 420 419 417
3 700 720 892
3 417 705 693
3 691 696 709
3 410 398 399
3 707 696 691
3 704 397 422
3 719 691 710
3 709 701 716
3 398 425 679
3 708 710 677
3 397 414 697
3 530 795 492
3 728 729 730
3 774 775 757
3 714 691 709
3 889 684 888
3 428 420 403
3 712 413 716
3 420 409 405
3 426 711 428
3 767 734 739
3 415 713 692
3 407 712 716
3 722 892 418
3 417 409 420
3 728 730 690
3 705 413 712
3 704 422 713
3 417 419 714
3 712 697 414
3 405 403 420
3 895 753 898
3 760 412 758
3 731 411 754
3 711 426 708
3 708 426 408
3 395 427 403
3 80 428 404
3 711 419 420
3 743 741 717
3 411 703 422
3 760 761 692
3 864 865 851
3 711 708 677
3 900 903 416
3 647 648 256
3 646 637 630
3 157 435 260
3 571 579 557
3 435 157 783
3 783 784 782
3 783 157 160
3 627 626 434
3 486 469 481
3 286 309 442
3 443 453 441
3 494 488 496
3 446 440 443
3 443 442 439
3 443 440 442
3 321 208 455
3 442 161 286
3 439 342 269
3 440 161 442
3 443 439 453
3 443 441 446
3 313 444 307
3 342 444 284
3 454 445 463
3 506 505 436
3 458 506 504
3 436 440 446
3 447 275 451
3 447 318 450
3 525 522 474
3 515 521 445
3 503 318 451
3 452 453 269
3 318 330 450
3 340 450 330
3 462 271 459
3 468 508 471
3 316 342 455
3 208 316 455
3 448 452 463
3 481 484 477
3 459 271 275
3 463 452 454
3 275 460 459
3 497 271 462
3 316 269 342
3 456 458 504
3 873 386 881
3 464 478 529
3 456 472 543
3 521 515 475
3 275 447 460
3 568 462 459
3 466 338 340
3 457 459 460
3 461 542 518
3 543 525 512
3 568 459 457
3 491 493 794
3 468 511 283
3 508 208 473
3 456 448 463
3 788 438 507
3 339 337 465
3 437 465 337
3 466 340 335
3 339 465 466
3 269 316 283
3 451 499 503
3 509 522 472
3 829 546 828
3 456 463 510
3 471 272 476
3 478 464 476
3 468 343 508
3 476 469 478
3 558 547 553
3 533 477 514
3 438 502 534
3 272 471 473
3 512 525 574
3 479 476 464
3 521 510 445
3 483 489 803
3 469 476 272
3 515 468 471
3 481 469 272
3 789 272 473
3 498 501 492
3 544 545 528
3 515 471 480
3 515 479 475
3 789 484 481
3 539 477 533
3 208 516 473
3 491 488 493
3 451 500 499
3 497 498 494
3 492 501 530
3 789 481 272
3 484 482 490
3 539 487 520
3 495 538 540
3 491 533 514
3 519 537 520
3 488 514 490
3 537 467 486
3 497 494 449
3 540 538 927
3 484 490 514
3 488 494 493
3 490 502 499
3 451 271 500
3 498 493 494
3 540 537 519
3 495 540 541
3 533 491 487
3 493 498 492
3 807 802 809
3 496 488 490
3 271 497 449
3 832 840 564
3 487 539 533
3 496 490 499
3 449 494 496
3 517 462 461
3 497 517 498
3 518 501 517
3 486 478 469
3 502 490 482
3 503 499 438
3 449 496 500
3 499 500 496
3 541 800 495
3 927 328 485
3 534 482 516
3 438 499 502
3 438 331 503
3 318 503 331
3 456 504 448
3 322 527 512
3 505 506 458
3 446 441 506
3 507 321 788
3 446 506 436
3 507 438 534
3 208 508 343
3 471 508 473
3 437 555 457
3 456 510 472
3 445 510 463
3 472 510 509
3 283 511 454
3 515 511 468
3 474 574 525
3 322 505 527
3 829 828 532
3 328 829 485
3 537 486 520
3 515 445 511
3 479 515 480
3 516 208 507
3 789 516 482
3 483 518 554
3 518 483 530
3 553 556 558
3 554 518 542
3 487 791 790
3 538 328 927
3 519 790 541
3 792 801 806
3 826 475 825
3 510 521 509
3 475 826 521
3 474 522 524
3 825 475 544
3 544 475 479
3 524 522 826
3 524 583 474
3 522 525 472
3 601 610 608
3 462 568 461
3 583 600 474
3 505 458 527
3 543 527 458
3 952 513 824
3 825 523 524
3 481 477 539
3 529 485 532
3 498 517 501
3 531 546 513
3 532 828 545
3 529 532 464
3 486 481 539
3 531 545 828
3 514 488 491
3 486 539 520
3 482 534 502
3 507 534 516
3 550 483 554
3 518 517 461
3 547 551 553
3 845 849 841
3 794 493 492
3 467 529 478
3 790 520 487
3 467 485 529
3 550 816 483
3 561 565 550
3 540 519 541
3 790 519 520
3 484 514 477
3 487 491 794
3 883 885 470
3 547 542 551
3 456 543 458
3 543 472 525
3 545 479 464
3 825 544 528
3 479 545 544
3 532 545 464
3 885 937 470
3 545 531 528
3 542 461 526
3 817 804 812
3 584 611 602
3 561 554 547
3 523 583 524
3 581 322 582
3 561 550 554
3 542 526 551
3 553 551 569
3 569 457 555
3 559 571 557
3 569 551 526
3 556 553 552
3 547 554 542
3 805 792 797
3 437 337 555
3 578 577 555
3 576 571 559
3 556 536 558
3 552 577 571
3 572 587 595
3 563 558 536
3 547 558 561
3 576 556 552
3 586 559 557
3 560 847 845
3 699 701 430
3 558 563 566
3 566 563 562
3 588 587 573
3 564 566 830
3 588 559 586
3 564 565 566
3 833 835 855
3 790 793 541
3 561 558 566
3 565 564 840
3 566 562 830
3 561 566 565
3 583 549 600
3 512 599 582
3 457 526 568
3 461 568 526
3 457 569 526
3 552 569 555
3 337 603 593
3 634 594 638
3 577 552 555
3 579 571 570
3 686 682 695
3 563 573 562
3 536 573 563
3 414 421 423
3 883 884 885
3 884 567 614
3 575 602 628
3 322 512 582
3 556 576 559
3 552 571 576
3 578 555 337
3 570 571 577
3 339 603 337
3 577 578 604
3 584 579 570
3 632 594 605
3 589 595 596
3 580 595 587
3 599 512 574
3 557 579 590
3 337 593 578
3 622 601 614
3 582 599 581
3 605 584 575
3 589 597 874
3 598 591 610
3 590 579 606
3 596 586 557
3 588 586 580
3 853 587 572
3 588 573 536
3 559 588 536
3 580 587 588
3 876 880 387
3 584 605 606
3 590 597 596
3 600 591 599
3 614 608 884
3 619 603 339
3 628 612 629
3 602 611 615
3 604 593 611
3 631 575 621
3 607 585 597
3 580 586 596
3 589 880 878
3 557 590 596
3 590 607 597
3 874 585 873
3 589 596 597
3 548 581 598
3 599 598 581
3 600 599 574
3 599 591 598
3 600 574 474
3 608 600 549
3 548 610 622
3 598 610 548
3 584 570 611
3 602 615 616
3 619 282 618
3 593 603 620
3 577 604 570
3 578 593 604
3 632 575 631
3 606 605 594
3 606 594 607
3 584 606 579
3 606 607 590
3 632 638 594
3 600 608 591
3 608 549 884
3 608 610 591
3 608 614 601
3 622 610 601
3 604 611 570
3 615 611 593
3 612 616 623
3 629 621 628
3 567 609 614
3 609 0 613
3 622 614 609
3 620 615 593
3 615 592 616
3 623 616 592
3 628 616 612
3 617 623 619
3 434 626 435
3 270 618 334
3 619 623 620
3 619 339 341
3 619 618 617
3 620 592 615
3 603 619 620
3 621 629 636
3 637 621 636
3 609 613 622
3 548 622 613
3 620 623 592
3 624 623 617
3 625 624 617
3 787 627 434
3 618 625 617
3 626 625 270
3 886 270 287
3 435 626 260
3 433 624 627
3 627 624 625
3 628 602 616
3 621 575 628
3 624 629 612
3 636 629 433
3 433 627 787
3 630 786 646
3 640 643 635
3 632 605 575
3 633 634 638
3 585 607 634
3 632 631 635
3 640 363 649
3 594 634 607
3 875 634 633
3 631 639 635
3 252 645 639
3 787 636 433
3 636 630 637
3 639 637 252
3 637 631 621
3 632 635 638
3 633 638 635
3 637 639 631
3 644 645 641
3 649 363 650
3 635 639 640
3 646 641 645
3 641 646 647
3 654 655 642
3 635 643 633
3 649 643 640
3 962 643 642
3 364 644 365
3 640 644 363
3 639 645 640
3 646 645 252
3 646 252 637
3 647 646 432
3 648 647 432
3 158 365 647
3 648 432 785
3 256 648 86
3 364 651 363
3 643 649 642
3 652 650 289
3 642 649 650
3 289 650 651
3 363 651 650
3 359 652 289
3 653 652 358
3 384 653 358
3 654 653 380
3 655 654 380
3 650 654 642
3 385 655 380
3 655 386 962
3 349 656 111
3 656 659 658
3 171 658 351
3 660 656 349
3 662 659 657
3 663 350 27
3 657 660 348
3 656 660 659
3 664 662 657
3 657 166 665
3 350 662 347
3 658 663 351
3 662 663 659
3 661 2 664
3 2 347 664
3 166 661 665
3 664 665 661
3 193 781 668
3 374 666 263
3 667 277 195
3 193 666 667
3 668 389 670
3 666 668 673
3 887 670 389
3 413 714 716
3 389 393 887
3 673 670 669
3 672 211 399
3 410 423 425
3 397 679 421
3 672 671 887
3 675 673 669
3 673 263 666
3 865 891 761
3 682 383 680
3 678 683 681
3 382 675 379
3 679 672 398
3 688 681 674
3 411 731 703
3 682 686 376
3 689 681 683
3 705 714 413
3 674 676 679
3 679 676 672
3 682 680 678
3 383 379 680
3 674 681 676
3 678 680 683
3 706 678 688
3 383 682 376
3 675 683 680
3 689 683 669
3 681 688 678
3 410 425 398
3 864 866 890
3 595 878 572
3 678 706 695
3 877 686 685
3 706 429 694
3 685 686 695
3 714 709 716
3 410 693 423
3 670 689 669
3 671 681 689
3 709 718 701
3 690 754 697
3 710 708 408
3 710 408 720
3 762 755 758
3 760 692 412
3 415 889 429
3 409 417 693
3 397 704 674
3 888 694 889
3 678 695 682
3 695 694 888
3 415 429 713
3 728 716 701
3 397 697 411
3 714 419 691
3 702 707 431
3 430 745 699
3 698 720 408
3 769 770 744
3 729 699 733
3 938 416 903
3 892 698 418
3 702 718 696
3 720 700 719
3 80 408 426
3 698 408 80
3 691 419 677
3 414 423 712
3 732 416 702
3 693 705 423
3 700 721 732
3 423 705 712
3 695 706 694
3 704 713 429
3 718 702 938
3 732 702 431
3 430 701 718
3 677 710 691
3 700 431 719
3 712 407 697
3 707 691 719
3 422 692 713
3 429 706 688
3 419 711 677
3 705 417 714
3 422 703 692
3 707 702 696
3 421 425 423
3 674 679 397
3 429 688 704
3 422 397 411
3 397 421 414
3 704 688 674
3 407 728 690
3 728 407 716
3 707 719 431
3 720 719 710
3 721 700 722
3 722 700 892
3 721 722 726
3 724 723 893
3 724 726 725
3 766 913 939
3 722 418 725
3 726 897 721
3 418 723 725
3 724 725 723
3 725 726 722
3 895 898 724
3 738 729 733
3 861 259 823
3 701 699 728
3 729 728 699
3 733 699 717
3 731 762 703
3 727 763 729
3 730 731 754
3 763 730 729
3 755 763 764
3 700 732 431
3 900 721 897
3 735 733 717
3 735 737 738
3 734 735 739
3 868 765 748
3 746 741 743
3 737 735 734
3 900 732 721
3 895 724 893
3 744 747 774
3 738 727 729
3 735 738 733
3 727 738 737
3 717 741 735
3 739 746 766
3 773 776 921
3 750 860 857
3 743 745 742
3 739 735 741
3 724 898 897
3 739 741 746
3 745 743 717
3 746 743 742
3 772 737 734
3 846 858 844
3 699 745 717
3 430 938 745
3 896 898 753
3 940 902 939
3 771 727 737
3 764 769 765
3 739 766 767
3 775 774 747
3 737 772 771
3 758 755 765
3 921 767 922
3 771 772 747
3 950 912 949
3 939 924 756
3 751 913 746
3 751 752 915
3 909 906 901
3 915 911 916
3 697 754 411
3 730 754 690
3 755 762 763
3 765 755 764
3 902 715 924
3 922 923 925
3 750 821 860
3 768 777 779
3 758 871 760
3 762 758 412
3 748 744 740
3 851 870 849
3 871 758 687
3 760 759 761
3 761 759 865
3 692 761 415
3 703 762 412
3 763 762 731
3 763 731 730
3 764 763 727
3 771 747 770
3 727 770 764
3 770 747 744
3 758 765 687
3 753 909 896
3 767 766 756
3 727 771 770
3 821 740 757
3 774 740 744
3 770 769 764
3 734 767 921
3 868 846 869
3 740 750 863
3 857 858 750
3 772 776 747
3 769 748 765
3 922 925 921
3 748 769 744
3 740 774 757
3 747 776 775
3 757 775 778
3 934 935 749
3 921 776 772
3 775 776 773
3 749 778 777
3 773 779 775
3 778 775 779
3 779 773 926
3 778 779 777
3 385 780 386
3 388 780 377
3 393 781 295
3 668 781 389
3 782 784 785
3 630 636 787
3 435 783 434
3 784 783 160
3 784 160 231
3 785 784 229
3 648 785 229
3 786 785 432
3 646 786 432
3 786 630 787
3 783 787 434
3 787 782 786
3 788 331 438
3 312 788 321
3 516 789 473
3 484 789 482
3 793 790 797
3 805 797 807
3 795 791 492
3 797 790 791
3 800 541 806
3 492 791 794
3 487 794 791
3 807 809 811
3 793 797 792
3 791 795 797
3 796 800 806
3 802 807 795
3 489 816 812
3 811 809 798
3 795 530 802
3 798 809 804
3 806 541 793
3 796 495 800
3 805 801 792
3 535 796 801
3 530 803 802
3 804 802 803
3 483 803 530
3 803 489 804
3 818 811 808
3 535 801 805
3 797 795 807
3 813 811 798
3 792 806 793
3 796 806 801
3 813 798 815
3 804 489 812
3 807 811 805
3 804 809 802
3 811 813 808
3 833 830 560
3 815 819 813
3 489 483 816
3 535 818 808
3 820 814 815
3 814 820 259
3 808 813 799
3 817 815 798
3 798 804 817
3 819 815 814
3 550 565 840
3 810 812 816
3 810 842 812
3 839 842 843
3 535 805 818
3 811 818 805
3 814 799 819
3 813 819 799
3 839 815 817
3 832 564 830
3 259 820 823
3 843 837 838
3 836 837 843
3 860 930 928
3 838 823 820
3 932 823 929
3 470 937 824
3 827 952 937
3 826 522 509
3 827 825 528
3 521 826 509
3 524 826 825
3 952 528 531
3 824 937 952
3 531 828 546
3 485 829 532
3 328 546 829
3 847 830 562
3 833 832 830
3 560 835 833
3 930 860 821
3 831 836 832
3 832 836 840
3 834 835 844
3 831 832 833
3 838 929 823
3 854 855 856
3 560 845 844
3 856 855 834
3 837 836 831
3 840 836 810
3 854 837 831
3 929 837 854
3 839 838 820
3 931 929 854
3 815 839 820
3 842 839 817
3 810 816 840
3 840 816 550
3 844 845 841
3 862 871 868
3 812 842 817
3 810 836 843
3 839 843 838
3 843 842 810
3 560 844 835
3 841 869 844
3 560 830 847
3 848 849 850
3 869 862 868
3 846 868 863
3 573 852 562
3 852 853 850
3 845 850 849
3 864 848 872
3 850 845 847
3 851 849 848
3 847 852 850
3 573 853 852
3 864 851 848
3 871 862 870
3 562 852 847
3 573 587 853
3 872 853 882
3 848 850 853
3 854 831 855
3 822 931 928
3 833 855 831
3 834 855 835
3 857 834 858
3 857 856 834
3 757 867 821
3 928 857 860
3 844 858 834
3 858 846 863
3 867 757 778
3 932 859 861
3 750 740 821
3 933 928 930
3 856 857 928
3 854 856 931
3 870 862 869
3 851 871 870
3 740 863 748
3 858 863 750
3 853 872 848
3 865 864 684
3 684 889 891
3 851 865 759
3 589 878 595
3 890 879 685
3 778 749 867
3 821 867 930
3 765 868 687
3 868 748 863
3 844 869 846
3 870 869 841
3 849 870 841
3 871 851 759
3 760 871 759
3 868 871 687
3 882 853 572
3 864 872 866
3 876 387 388
3 585 634 875
3 585 874 597
3 387 874 873
3 875 633 962
3 585 875 873
3 877 376 686
3 685 879 877
3 888 890 685
3 376 877 876
3 877 878 876
3 882 878 879
3 882 879 866
3 878 877 879
3 387 880 874
3 878 880 876
3 780 881 386
3 387 873 881
3 872 882 866
3 572 878 882
3 567 884 883
3 885 583 523
3 885 884 549
3 583 885 549
3 937 885 523
3 260 886 197
3 270 886 626
3 672 887 211
3 670 887 671
3 890 888 684
3 695 888 685
3 429 889 694
3 415 761 891
3 864 890 684
3 879 890 866
3 684 891 865
3 415 891 889
3 698 892 720
3 723 424 893
3 424 943 893
3 951 955 954
3 940 913 914
3 724 897 726
3 941 918 944
3 899 920 949
3 901 903 900
3 900 897 896
3 907 753 942
3 896 897 898
3 753 736 908
3 906 751 746
3 901 900 896
3 732 900 416
3 736 753 907
3 901 742 903
3 746 742 906
3 751 906 752
3 745 903 742
3 903 745 938
3 944 424 941
3 909 753 908
3 904 917 912
3 914 913 751
3 942 753 895
3 901 906 742
3 911 908 736
3 909 908 752
3 906 909 752
3 896 909 901
3 752 908 911
3 917 911 912
3 911 736 912
3 916 911 917
3 899 949 907
3 907 949 736
3 914 905 940
3 746 913 766
3 915 914 751
3 914 915 916
3 911 915 752
3 905 916 910
3 916 905 914
3 917 904 910
3 910 916 917
3 920 918 948
3 944 918 945
3 944 942 943
3 946 894 918
3 942 944 945
3 954 947 951
3 734 921 772
3 924 922 756
3 756 922 767
3 923 926 925
3 924 715 923
3 926 923 768
3 939 756 766
3 923 922 924
3 779 926 768
3 773 921 925
3 773 925 926
3 467 927 485
3 540 927 537
3 837 929 838
3 932 929 822
3 749 935 867
3 933 822 928
3 928 931 856
3 929 931 822
3 932 822 936
3 823 932 861
3 859 933 934
3 936 933 859
3 867 935 930
3 933 930 935
3 933 935 934
3 932 936 859
3 822 933 936
3 827 937 523
3 718 938 430
3 416 938 702
3 924 939 902
3 902 940 905
3 913 940 939
3 958 951 947
3 942 945 899
3 907 942 899
3 943 942 895
3 893 943 895
3 424 944 943
3 899 945 920
3 957 948 894
3 920 945 918
3 918 941 946
3 953 958 957
3 894 948 918
3 948 947 954
3 920 948 954
3 912 736 949
3 904 912 950
3 955 950 954
3 950 949 954
3 955 904 950
3 528 952 827
3 513 952 531
3 954 949 920
3 959 956 958
3 947 957 958
3 955 951 919
3 959 958 953
3 953 1 959
3 948 957 947
3 953 957 894
3 958 919 951
3 956 919 958
3 1 956 959
3 7 960 961
3 961 13 52
3 13 961 960
3 875 962 386
3 643 962 633
