179
315
0 0 0
10 -5.7735 0
10 5.7735 0
5 -2.88675 0
10 -1.7735 0
8.26795 -4.7735 0
10 -3.7735 0
8.26795 -2.7735 0
9.13398 -5.2735 0
10 -4.7735 0
9.13398 -4.2735 0
9.71132 -5.2735 0
9.42265 -4.7735 0
8.8453 -4.7735 0
9.71132 -4.2735 0
9.13398 -3.2735 0
9.42265 -3.7735 0
9.13398 -2.2735 0
6.63397 -3.83013 0
8.55662 -4.2735 0
8.8453 -3.7735 0
8.55662 -3.2735 0
8.8453 -2.7735 0
10 -2.7735 0
9.71132 -3.2735 0
9.42265 -2.7735 0
9.71132 -2.2735 0
4.76327 -1.45931 0
7.5953 -4.05182 0
7.83046 -3.35942 0
8.14733 -3.85317 0
6.60479 -1.98795 0
7.20842 -3.53429 0
7.28512 -2.61336 0
7.75192 -2.84449 0
6.65638 -3.168 0
5.81699 -3.35844 0
8.0016 -1.31217 0
7.84335 -2.07289 0
8.4908 -2.15948 0
7.25674 -1.55404 0
7.1412 -2.08718 0
10 2 0
7.52086 -1.09956 0
6.13372 -0.415706 0
6.71245 -1.44298 0
6.75048 -2.51221 0
5.70317 -2.26019 0
6.13715 -2.75885 0
5.56783 -2.81615 0
8.10137 -0.436751 0
5.99157 -1.58618 0
5.53114 -0.936398 0
6.25461 -1.02426 0
2.5 -1.44338 0
5.08169 -2.27058 0
6.9166 -0.576468 0
5.90398 0.740773 0
5.3577 -1.71366 0
3.75 -2.16506 0
5 2.88675 0
5.24127 0.00806749 0
4.375 -2.52591 0
3.73894 -1.46253 0
3.125 -1.80422 0
7.02679 -1.05973 0
7.50858 -0.503182 0
7.60857 1.28267 0
7.0943 0.415739 0
5.59418 -0.400336 0
5.87941 0.134835 0
6.52735 0.100126 0
4.23754 -0.967488 0
2.5 1.44338 0
4.31884 -1.90149 0
4.88085 -0.80672 0
3.13641 -0.357064 0
3.59829 -0.822258 0
4.15001 0.126715 0
2.96685 -0.987304 0
3.70817 -0.251274 0
3.26671 0.711988 0
3.62486 0.293337 0
4.4694 1.36586 0
4.43768 -0.400874 0
1.875 -1.08253 0
1.25 -0.721688 0
2.6623 -0.567437 0
2.55072 0.267747 0
8.70743 1.50782 0
8.91521 -1.63647 0
9.44716 -1.78765 0
8.56759 -1.16671 0
5.02653 0.868349 0
2.35987 -0.964405 0
1.91718 -0.28778 0
1.25 0.721688 0
1.25533 -1.11022e-16 0
2.38277 -0.179736 0
3.09004 0.186376 0
0.625 0.360844 0
0.433013 -0.25 0
0.915116 -0.358349 0
5.42246 0.51024 0
5.62242 1.88556 0
4.48541 0.619101 0
2.67774 0.862136 0
1.875 1.08253 0
1.85464 0.3961 0
4.89194 1.58809 0
3.75 2.16506 0
5.3211 1.37893 0
4.07191 1.73144 0
4.375 2.52591 0
3.125 1.80422 0
3.71328 1.32766 0
3.08876 1.24421 0
5.27207 2.36182 0
7.5 4.33013 0
6.25 3.60844 0
5.78937 2.9629 0
7.07652 2.53156 0
6.49881 2.94378 0
6.12807 2.35881 0
6.46978 1.48695 0
6.12542 1.85488 0
6.70278 2.05013 0
7.07196 1.5676 0
6.84323 0.987017 0
6.875 3.96928 0
6.99253 3.02478 0
4.54261 2.00691 0
3.92945 0.788238 0
5.89839 1.32094 0
6.43413 0.633024 0
8.60883 2.65391 0
7.81722 2.91144 0
6.74458 3.47349 0
7.77094 2.08962 0
8.75 5.05182 0
7.51182 3.58796 0
7.55324 2.5141 0
7.25707 2.04872 0
10 0.113249 0
8.11535 2.48244 0
8.36954 1.91219 0
8.21222 1.32766 0
10 1.05662 0
9.16099 -1.0911 0
7.91357 0.505079 0
8.35724 3.22596 0
10 3.7735 0
10 2.88675 0
7.46915 0.779373 0
7.54684 0.0669162 0
9.69925 -0.830127 0
9.02531 -0.125696 0
8.75462 0.669315 0
8.80316 -0.649153 0
8.1755 3.96971 0
8.42989 0.115162 0
8.77732 3.72269 0
8.125 4.69097 0
9.40178 0.446072 0
8.71756 4.38631 0
10 4.7735 0
9.37358 4.11088 0
10 4.2735 0
9.50153 2.39464 0
8.95972 2.06199 0
9.4338 1.51165 0
9.22548 0.98464 0
9.05041 2.84264 0
9.39174 3.43096 0
9.57775 -0.271766 0
8.28561 0.835508 0
9.375 5.41266 0
9.3341 4.76181 0
10 5.2735 0
3 41 38 40
3 8 12 13
3 24 15 16
3 72 63 74
3 8 1 11
3 22 17 39
3 21 7 29
3 11 12 8
3 30 20 21
3 14 10 12
3 10 14 16
3 1 9 11
3 12 11 9
3 14 12 9
3 13 12 10
3 20 10 16
3 8 13 5
3 9 6 14
3 16 14 6
3 26 17 25
3 21 20 15
3 24 6 23
3 20 16 15
3 72 74 27
3 32 33 35
3 30 21 29
3 19 30 5
3 5 13 19
3 10 19 13
3 22 21 15
3 10 20 19
3 28 32 18
3 30 29 28
3 21 22 7
3 25 22 15
3 6 24 16
3 25 15 24
3 25 24 23
3 26 25 23
3 25 17 22
3 23 4 26
3 26 4 91
3 92 39 90
3 58 51 52
3 18 5 28
3 33 41 46
3 28 29 32
3 5 30 28
3 30 19 20
3 38 33 34
3 41 45 31
3 32 29 34
3 35 46 48
3 29 7 34
3 7 39 38
3 39 7 22
3 32 34 33
3 46 31 48
3 32 35 18
3 35 33 46
3 36 18 35
3 175 157 89
3 40 45 41
3 7 38 34
3 38 37 40
3 90 39 17
3 37 38 39
3 37 43 40
3 92 50 37
3 46 41 31
3 38 41 33
3 69 52 44
3 75 72 27
3 60 117 120
3 71 56 68
3 43 37 50
3 49 48 47
3 65 40 43
3 27 55 58
3 48 31 47
3 36 48 49
3 51 31 45
3 47 31 51
3 36 35 48
3 51 45 53
3 36 49 3
3 45 40 65
3 51 53 52
3 56 66 154
3 52 53 44
3 53 56 44
3 83 109 131
3 65 53 45
3 89 169 145
3 83 112 115
3 55 3 49
3 27 58 52
3 76 77 80
3 55 49 47
3 62 3 55
3 55 47 58
3 70 61 69
3 74 62 55
3 65 66 56
3 50 66 43
3 58 47 51
3 27 74 55
3 66 65 43
3 80 72 84
3 54 94 85
3 77 79 63
3 59 63 64
3 53 65 56
3 160 154 50
3 4 155 91
3 135 172 150
3 110 114 115
3 67 127 128
3 70 71 134
3 70 69 44
3 75 69 61
3 71 70 44
3 70 57 103
3 56 71 44
3 68 128 134
3 75 27 52
3 61 78 84
3 63 72 77
3 79 64 63
3 59 62 74
3 69 75 52
3 74 63 59
3 72 75 84
3 99 98 76
3 79 77 76
3 61 103 93
3 99 80 82
3 94 87 98
3 64 79 54
3 72 80 77
3 82 80 78
3 83 115 132
3 79 76 87
3 78 105 132
3 106 99 81
3 61 93 105
3 117 60 113
3 61 84 75
3 80 84 78
3 95 86 85
3 94 79 87
3 79 94 54
3 88 106 108
3 97 95 108
3 97 102 86
3 102 100 101
3 42 168 170
3 90 148 92
3 17 26 91
3 4 143 155
3 175 89 146
3 17 91 90
3 148 91 155
3 39 92 37
3 133 124 125
3 109 83 93
3 98 95 94
3 107 108 106
3 85 94 95
3 80 99 76
3 106 88 99
3 86 95 97
3 76 98 87
3 108 98 88
3 81 99 82
3 98 99 88
3 100 0 101
3 97 96 100
3 100 102 97
3 101 86 102
3 70 103 61
3 111 103 57
3 123 104 125
3 120 123 122
3 109 93 111
3 61 105 78
3 81 82 132
3 107 96 108
3 97 108 96
3 106 73 107
3 108 95 98
3 104 109 111
3 81 116 106
3 83 105 93
3 109 104 117
3 111 93 103
3 110 112 131
3 113 131 117
3 110 115 112
3 116 115 114
3 73 106 116
3 132 82 78
3 83 131 112
3 115 116 81
3 73 116 114
3 120 122 119
3 117 131 109
3 104 123 117
3 136 144 150
3 119 60 120
3 123 125 126
3 144 145 135
3 137 122 130
3 120 117 123
3 130 122 121
3 133 111 57
3 122 123 126
3 70 134 57
3 142 126 127
3 133 104 111
3 126 125 124
3 127 126 124
3 126 121 122
3 128 127 124
3 67 138 142
3 124 133 134
3 128 68 153
3 141 130 121
3 119 137 129
3 141 142 138
3 140 130 136
3 110 131 113
3 83 132 105
3 81 132 115
3 133 57 134
3 104 133 125
3 68 134 71
3 124 134 128
3 141 138 144
3 152 168 42
3 129 140 118
3 122 137 119
3 140 137 130
3 146 145 138
3 150 144 135
3 177 165 178
3 140 159 118
3 140 129 137
3 140 136 150
3 130 141 136
3 142 141 121
3 126 142 121
3 67 142 127
3 156 163 157
3 50 92 158
3 141 144 136
3 145 144 138
3 146 138 67
3 89 145 146
3 148 158 92
3 153 149 175
3 174 156 158
3 158 160 50
3 67 153 175
3 160 157 175
3 153 154 149
3 174 158 155
3 172 169 168
3 159 150 161
3 143 147 163
3 159 140 150
3 128 153 67
3 154 153 68
3 56 154 68
3 50 154 66
3 156 174 163
3 178 2 176
3 157 163 171
3 91 148 90
3 149 154 160
3 155 158 148
3 158 156 160
3 150 172 161
3 164 159 161
3 152 173 172
3 156 157 160
3 118 159 162
3 162 159 164
3 173 161 172
3 147 170 171
3 161 173 166
3 139 162 164
3 164 177 139
3 166 164 161
3 165 177 167
3 135 145 169
3 166 151 167
3 173 152 151
3 169 89 170
3 168 169 170
3 89 157 171
3 42 170 147
3 147 171 163
3 89 171 170
3 168 152 172
3 169 172 135
3 151 166 173
3 155 143 174
3 163 174 143
3 67 175 146
3 160 175 149
3 177 164 166
3 139 177 176
3 177 166 167
3 177 178 176
